  -6.1212617e-07  -2.5102939e-07   1.8821667e-09  -6.2595151e-07   7.0846043e-07  -2.2269478e-06  -1.9715453e-06   1.1304344e-07   3.7897757e-07   3.9531205e-06  -2.8464969e-06   1.0813520e-06   2.1167148e-06  -2.7444591e-06   8.1247571e-06  -5.5640045e-06   6.3540760e-06  -3.7258397e-06  -3.3459849e-06  -8.8240487e-07   6.4529176e-06  -5.2360179e-06   7.6844239e-06  -2.9725228e-06  -1.0002071e-06  -5.1081213e-06   4.1605904e-06   5.4574731e-07
  -9.6059764e-07   1.5252965e-08   1.6786603e-07  -2.6913465e-06   1.3677323e-06  -4.4635641e-06  -7.0211635e-06  -1.5756774e-07  -1.3582603e-07   6.5524128e-06  -1.1743817e-05   9.8106116e-06   1.8645578e-06   4.0164873e-07   9.1734322e-06  -1.8203887e-06  -1.0420158e-05  -4.0358236e-06   1.9927151e-06  -7.7232479e-06   4.9294213e-06   1.3095604e-06   2.9769870e-06  -1.5402306e-06  -6.9358956e-06  -5.5883868e-06   6.3144731e-07   2.3936978e-06
   1.3091071e-05  -4.1065558e-05   3.7027629e-05   1.7637332e-04  -2.1502768e-05  -2.4862621e-04   2.3585490e-04   6.5511847e-05   1.1915290e-04   1.5565287e-04   6.6839697e-04  -9.1441012e-04   8.5142362e-05  -7.5507515e-04   8.3907004e-04  -1.4781202e-03   3.3159108e-03  -3.6367790e-04  -1.3445538e-03   1.1941053e-03   9.7624114e-04  -2.6515359e-03   1.9231935e-03  -5.3267532e-04  -1.3348789e-04  -5.3187004e-04   2.4307792e-03  -7.0203476e-04
  -2.5890008e-04   1.1168368e-05   1.2086045e-03   1.0190552e-03  -2.5570119e-03   3.8088127e-04  -1.0067263e-03   2.8728949e-03  -3.7759512e-03  -2.6168006e-04  -3.0061974e-04  -5.4491425e-04  -6.2885871e-06  -6.3324539e-05   3.2920445e-04  -2.3832407e-04  -4.5585063e-04   6.9892932e-04   7.0790622e-04  -2.1093683e-03  -8.4092321e-04  -9.3620379e-04  -4.0771561e-04  -5.9753474e-04   6.5343516e-04   1.9580923e-04  -7.4269318e-04   7.4973720e-04
  -4.0241147e-04  -3.8927822e-04   2.6418523e-03   1.7092404e-03  -5.2558588e-03   5.6665523e-05  -1.4533989e-03   3.6091921e-03  -7.3815533e-03   4.0966465e-06  -1.7607636e-03  -6.3374733e-04  -5.9675645e-05  -6.8105019e-04   1.5252023e-04   5.6310900e-04  -3.6740426e-03   8.5373699e-04   1.8825040e-03  -4.1788251e-03  -2.0571120e-03   1.2984612e-04  -7.9884018e-04  -2.3267496e-03   4.1437131e-03   9.1670319e-04  -1.1353268e-03   3.2472431e-03
  -3.8843879e-04  -2.9660932e-04   3.8727253e-03   2.1777563e-03  -8.8018568e-03   4.8663016e-04  -1.6917187e-03   4.0139013e-03  -1.1494667e-02  -4.7598183e-04  -1.2777906e-03  -1.4754166e-04  -5.7899106e-05  -7.3996383e-05   4.2425881e-05   6.2860094e-04  -3.6723553e-03   6.7191142e-04   1.7771758e-03  -4.2097976e-03  -1.9537025e-03   7.3987351e-05  -9.9871703e-04  -1.9542361e-03   3.9826015e-03   6.6695501e-04   3.7821254e-04   3.8128145e-03
  -7.7529330e-05   1.4995976e-04   4.4548197e-03   1.7041135e-03  -1.1351504e-02   8.7723475e-04  -1.3445617e-03   3.6962816e-03  -1.3556799e-02  -2.8884988e-04  -6.0056829e-04  -4.8073341e-04  -1.6336722e-05   2.8171474e-04  -3.0287410e-04   4.2314181e-04  -2.3822617e-03   5.7183753e-04   1.3101727e-03  -3.3733029e-03  -1.2408680e-03  -2.1868537e-03  -1.3687650e-03  -1.8582725e-03   2.3367520e-03   3.9161912e-04   3.7643265e-04   1.5035197e-03
  -1.1948969e-04   3.9754094e-04   5.1041575e-03   1.2035626e-03  -1.2595966e-02   1.3784386e-03  -1.0052661e-03   3.3023946e-03  -1.3424934e-02  -2.7614985e-04   1.7123780e-05  -1.1528684e-03  -6.0962816e-08   7.7465005e-04   4.5052382e-04  -7.7413303e-04  -4.6795083e-04   2.0456811e-03   1.8423209e-03  -1.2379412e-03  -4.4920221e-03  -4.8221416e-03  -1.5978379e-03  -2.2399120e-04   3.4799045e-03   8.0908587e-04  -9.6762494e-04  -9.3174930e-04
  -3.3512514e-04   7.4035024e-04   6.0406736e-03   8.4179982e-04  -1.4360325e-02   1.1217704e-03  -5.4368577e-05   1.3594285e-04  -1.4021543e-02   4.2192182e-04   3.6316485e-04   9.7644915e-04  -3.9518824e-05   1.4348719e-03  -5.1169223e-05   1.3786664e-04  -2.6673945e-05   2.4543225e-04   2.5937042e-04   3.0379174e-04  -5.8728165e-04  -1.2971001e-04  -4.2648243e-04   3.6382627e-03  -7.9652439e-04   9.6242477e-05  -2.5833564e-05  -9.2749940e-04
  -4.7582459e-04   8.9651968e-04   5.1965346e-03   1.5853975e-04  -1.2640183e-02   8.3460570e-04   8.7517191e-04  -2.7452156e-03  -1.3467665e-02   1.6963207e-03   3.5632888e-04   2.1865364e-03  -2.9009168e-05   4.8352850e-04  -1.1623647e-03   1.3700013e-03  -5.9119412e-04  -2.1148549e-03  -1.3941583e-03   9.9316008e-04   4.4826286e-03   4.4226153e-03   2.4392218e-03   1.6802892e-04  -5.7230563e-03  -1.2167831e-03   2.1923276e-03  -6.8900733e-04
  -1.8216849e-04   1.5057928e-03   4.4364793e-03  -9.8691917e-04  -1.0824086e-02   1.8076272e-03   1.1653802e-03  -2.4194691e-03  -1.3099711e-02   2.2545201e-03   8.6029721e-04   5.8872801e-05   5.6334865e-05  -7.5279414e-05  -1.6484239e-03   7.8471006e-04  -2.7932744e-03  -1.2914034e-03   2.2606038e-05   1.9107792e-03   1.8083314e-03   1.6152946e-03   3.5846233e-03  -1.4536957e-03  -3.3757944e-03  -8.6486513e-04   3.1139751e-03  -2.9755501e-03
   4.8942854e-04   1.8291680e-03   3.5678042e-03  -1.4990763e-03  -6.7978865e-03   1.2978957e-03   1.3864198e-03  -2.5334405e-03  -1.0402820e-02   1.0447413e-03   1.8251697e-03  -2.9743190e-04   1.0776777e-04  -3.5019939e-04  -2.2943034e-03   7.4883083e-04  -4.0041410e-03  -1.5202297e-03   2.7930476e-04   3.2720186e-03   2.0671997e-03  -1.1753451e-03   1.7597825e-03   2.5542806e-04  -4.3173141e-03  -7.1146645e-04   2.9003604e-03  -6.7847385e-03
   4.5389651e-04   1.1134426e-03   2.2307802e-03  -1.2193899e-03  -4.7254610e-03   6.8869401e-04   1.2611079e-03  -2.7489489e-03  -7.2077574e-03   1.3885480e-03   1.0627028e-03   4.2405947e-04   5.0937712e-05  -3.0235334e-04  -1.1872374e-03   3.6850806e-04  -2.9921077e-03  -1.4339985e-03  -4.4142811e-05   2.4837429e-03   1.7569293e-03  -4.1766034e-05   2.3366376e-03  -1.2843958e-04  -3.2447459e-03  -7.2869753e-04   2.9675651e-03  -3.8950740e-03
   6.2441693e-05   4.7516548e-04   1.2516400e-03  -4.1329349e-04  -3.3747477e-03   7.9993075e-04   1.5263111e-04  -9.0933770e-04  -5.2363102e-03   5.3820959e-04  -1.4749110e-04  -7.2469938e-05   2.0578691e-05  -4.2388314e-05  -8.3157839e-04   7.1677423e-04   7.3201869e-04  -1.5744592e-04  -3.2104644e-04  -1.6700913e-04   3.9353526e-04   1.5453054e-03   2.0763444e-03  -1.2783255e-03  -9.7660111e-05  -3.6772416e-04   1.8313625e-03   8.3547424e-04
  -4.6028375e-05   1.7734884e-05   7.7082470e-05   6.1284077e-05  -4.2873327e-04   1.9095511e-04  -2.7723528e-04   3.9371600e-04  -4.6845451e-04  -8.8188481e-05  -4.2549257e-04  -1.4266253e-04  -1.0777713e-05  -3.1967939e-04  -1.4479449e-04   3.4197839e-04   1.4817891e-03   5.6783104e-04  -4.9202666e-05  -8.1416850e-04  -4.1915926e-04   8.2229728e-04  -5.0593228e-04  -6.6503196e-04   1.6912843e-04   9.8993882e-06  -5.7622103e-04   7.5037023e-04
   6.6768015e-07  -2.7204550e-07   1.0137801e-07  -3.9275585e-06  -2.4998270e-06   1.9002573e-06  -1.2392249e-05  -4.1090171e-06   1.0239789e-06  -9.1819113e-06  -1.3891775e-05   1.3923746e-05   1.5286233e-06  -9.0764566e-06  -1.6618418e-05   1.9774698e-05   5.0575447e-05   1.9827244e-05   3.9624354e-07  -7.2626182e-06  -1.9825907e-05   1.5069778e-05  -3.7407510e-05  -1.6046804e-05  -1.1802549e-05  -4.2509749e-06  -2.1347503e-05   2.6818201e-06
   3.9999692e-07   7.0936175e-07   3.9801835e-08  -1.1469755e-06  -3.6482857e-07   4.4799673e-08  -2.2657282e-06  -7.4718519e-07  -2.5468030e-07  -2.5054293e-06  -2.9233408e-06   2.8904528e-06   2.0590592e-06  -6.9809937e-07  -2.8882430e-06   2.9923741e-06   8.4195914e-06   2.5462970e-06  -1.0571106e-07   6.0884732e-09  -4.3123784e-06   1.0771892e-06  -5.3902685e-06  -7.8112775e-07  -5.6529061e-06  -3.7036529e-06   5.8803062e-08  -1.6525547e-06
  -2.4816792e-06   2.4113809e-05  -1.1288589e-05  -4.6141984e-05  -6.2982257e-06   4.8337177e-04   9.6611366e-04   6.0775761e-04   1.1249425e-04   2.0616582e-04  -1.0168741e-03   2.8958677e-04  -3.2958708e-03  -5.4708941e-05  -1.2760654e-03  -8.8197839e-04   1.6213312e-04   2.1403035e-03  -7.0885071e-04   7.5578773e-04   2.3083497e-03   3.3506265e-04   1.4737160e-04  -9.1622903e-04   1.6625813e-03   9.6377218e-03   3.2161962e-03   2.3634987e-03
  -1.4122970e-06   2.6727905e-05  -1.1780356e-05  -3.4633008e-05   1.5413771e-05   7.3888558e-04   1.5465402e-03   8.6891258e-04   1.2373363e-04   1.0795183e-04  -1.7062510e-03   6.5515773e-04  -5.9295731e-03   3.9619470e-05  -2.5902371e-03  -2.2310863e-03  -2.3255730e-04   3.7853151e-03  -7.9963951e-04   1.0016577e-03   3.4546531e-03   8.8634316e-04  -3.0174053e-05  -1.2521592e-03   2.5001839e-03   1.2664719e-02   3.9645346e-03   3.3522714e-03
  -7.9429548e-07   3.1091334e-05  -1.3309291e-05   9.3762434e-05   3.4035673e-05   9.4040098e-04   2.2913289e-03   1.0289253e-03   1.1808812e-04  -9.3014340e-05  -2.0538032e-03   7.8255024e-04  -7.5576796e-03   6.4907847e-05  -3.1802822e-03  -3.2595995e-03  -3.6530902e-04   4.7550473e-03  -9.2072968e-04   1.1176017e-03   4.0043164e-03   1.1755242e-03   4.6354744e-06  -1.3420930e-03   2.7435696e-03   1.2520125e-02   3.7676105e-03   3.4623882e-03
  -4.9549001e-07   3.7430407e-05  -1.5108472e-05   2.9444454e-04   6.2984729e-05   1.2527665e-03   3.4708824e-03   1.2761093e-03   1.1187666e-04  -3.5538489e-04  -2.4451490e-03   8.1593741e-04  -7.5560664e-03   5.8727786e-05  -2.5803034e-03  -2.2200450e-03  -3.8687006e-04   4.6188302e-03  -1.1992101e-03   1.1522398e-03   3.7816496e-03   9.2723652e-04   8.6481691e-05  -1.2858145e-03   2.4368244e-03   1.3140032e-02   3.9507021e-03   3.3529503e-03
   5.9790657e-07   4.5121399e-05  -1.7564601e-05   5.1404971e-04   9.6204793e-05   1.6932633e-03   4.9381150e-03   1.6521007e-03   1.2581005e-04  -5.7572146e-04  -2.9224565e-03   7.9239815e-04  -6.6175195e-03   3.0970738e-05  -1.3222376e-03   2.6863017e-04  -3.1666715e-04   3.7350250e-03  -1.5767602e-03   1.1703502e-03   3.2033471e-03   4.0835309e-04   1.3560917e-04  -1.2576876e-03   1.9965843e-03   1.5505377e-02   4.6996876e-03   3.4123682e-03
  -7.6527954e-06  -2.4497964e-05   1.1365455e-05  -6.0562121e-04  -8.6511206e-05  -1.7476501e-03  -5.2821289e-03  -1.6397051e-03  -1.2079945e-04   8.8143919e-04   3.1982026e-03  -1.2141080e-03  -4.6612366e-03   2.5583500e-05   5.4687343e-04  -1.4027107e-03  -8.4343787e-04  -3.3032965e-05  -3.5603707e-03  -1.1336999e-03  -2.5653873e-03   2.0449673e-04   1.6263546e-05   1.0011269e-04  -4.7150213e-03   1.3647101e-02   8.8243125e-04  -1.7732550e-03
  -7.4842890e-06  -2.9306391e-05   1.3998451e-05  -4.6760116e-04  -7.2904756e-05  -1.7762385e-03  -4.9697996e-03  -1.7560496e-03  -1.6660892e-04   6.4792036e-04   3.5422248e-03  -1.6014558e-03  -7.0550170e-03   2.3045141e-06   2.1330327e-03   8.5281239e-04  -1.1263009e-03  -4.8954969e-04  -5.8814079e-03  -1.4782264e-03  -4.3105648e-03  -5.7870696e-04   1.0474384e-04   3.3565602e-04  -6.8534864e-03   1.6663865e-02   1.1767361e-03  -2.8512212e-03
  -5.4015628e-06  -2.4648706e-05   1.1725117e-05  -2.6913519e-04  -4.4484638e-05  -1.3407138e-03  -3.5525748e-03  -1.3800328e-03  -1.5083652e-04   3.9441126e-04   2.9807012e-03  -1.5753999e-03  -7.4639009e-03  -1.7198167e-05   2.9857937e-03   2.8216118e-03  -1.1153935e-03  -7.6936641e-04  -6.4112604e-03  -1.3471516e-03  -4.5766488e-03  -1.0889811e-03   1.3759922e-04   4.5291316e-04  -6.4254738e-03   1.3614634e-02   1.0430415e-03  -2.8374023e-03
  -3.3368908e-06  -1.7873894e-05   8.9118010e-06  -8.2371694e-05  -1.8369625e-05  -9.4996505e-04  -2.3571684e-03  -1.0460860e-03  -1.2977927e-04   2.6284856e-04   2.6195669e-03  -1.5909167e-03  -7.3082553e-03  -2.9496411e-05   3.4098114e-03   3.7843689e-03  -1.0928998e-03  -9.2536440e-04  -6.4669023e-03  -1.2555372e-03  -4.4797880e-03  -1.0955406e-03   1.5094619e-04   4.3541333e-04  -5.7135215e-03   1.1258571e-02   6.7435802e-04  -2.6396982e-03
  -1.8867475e-06  -1.4245849e-05   7.4168866e-06   2.6159367e-05  -3.7014470e-06  -6.8547936e-04  -1.5036439e-03  -8.0224990e-04  -1.1740652e-04   5.0661346e-05   1.9364230e-03  -1.1414868e-03  -4.9105260e-03  -1.4357625e-05   2.3592449e-03   2.1081623e-03  -7.4659109e-04  -6.1363536e-04  -4.2614053e-03  -9.5878768e-04  -3.2424032e-03  -6.2092167e-04   1.5117266e-04   2.8711566e-04  -4.8905996e-03   1.0609935e-02   4.6498525e-04  -2.2203655e-03
  -8.3622946e-06   1.9318006e-05   7.8275486e-08  -3.1219697e-05   2.5770196e-05  -7.4535623e-05  -1.0390919e-04  -3.2728460e-05  -2.5976430e-06   7.4340632e-05  -5.4465410e-05   6.4999391e-05   1.5557734e-04   5.3049578e-05   4.8752496e-05  -1.0803898e-05  -3.1757403e-04  -1.8709623e-04   9.0831096e-05  -3.3261712e-05   6.6834131e-05  -6.1684549e-05   9.4082087e-05   4.2881065e-05  -1.4871159e-04  -3.3224824e-04   1.2457349e-04   3.3066777e-05
  -1.1853723e-05   3.1723094e-05   2.0186975e-05  -1.4422886e-05   6.4803820e-05  -5.0628076e-05  -3.0086251e-05   1.2083943e-06  -1.0765460e-04   1.1097975e-04  -5.9831515e-05   7.1789054e-05   8.5792198e-06   9.2383453e-05   2.0262658e-05  -1.5610256e-05  -4.1404872e-04  -1.6963356e-04   4.0525097e-05  -5.3314168e-05   1.9543756e-04  -6.4333194e-06   4.8480652e-05  -8.1965435e-05  -2.0485605e-04  -1.1988433e-04   2.3462641e-04   1.0427230e-04
  -1.4995100e-05   4.7463674e-05   9.0692162e-05  -3.7364693e-05  -2.0478876e-05  -6.1379442e-05  -6.2606808e-05  -2.5232329e-05  -5.4877550e-06   1.2115508e-04  -1.0102739e-04   9.5245757e-05   9.2049986e-07   1.5427404e-04  -1.8508576e-05   1.0548131e-05  -4.5540578e-04  -1.8433495e-04   3.8652145e-05  -1.9785387e-05   2.3372604e-04  -8.3916524e-05  -2.7841790e-05   5.4135601e-05  -2.6801572e-04  -1.2156988e-04   3.5840392e-04   1.2214870e-04
  -1.4507930e-05   1.2897993e-04   6.0890309e-04  -4.3208120e-05  -2.7398023e-04  -7.2606086e-05  -6.3857415e-05  -1.5427874e-04   1.4404597e-03   2.5828354e-06  -1.0716007e-04   1.0827190e-04  -1.0162719e-06   7.0155902e-04   2.0846822e-05   3.0503280e-06  -4.6613569e-04  -2.0531343e-04   4.0110644e-05   8.1082327e-05   2.2376487e-04  -1.9088773e-05  -2.0232065e-04   5.7711343e-04  -3.2372358e-04  -1.3189958e-04   6.4082948e-04   4.1367017e-04
   2.0057535e-04  -6.1564499e-04   3.8496510e-03   6.0501689e-04   1.3437892e-03  -2.6123647e-03  -7.3049147e-04   1.5534263e-03   7.1867358e-03   9.5159562e-04  -7.4724022e-04   3.6561817e-03  -1.8460003e-04   2.6964650e-03   1.3348743e-04   9.3229439e-04  -1.4362128e-03  -2.1168286e-04   4.5150902e-04  -1.7481057e-03   1.0877609e-03   2.9463318e-03  -2.0223912e-04  -3.3639215e-03  -5.6984715e-03  -1.3876179e-03   1.7469626e-03   3.1281395e-03
   2.2452856e-04  -6.4284726e-05   3.6631400e-03   6.2353777e-04  -3.0397511e-04  -1.6472562e-03  -1.7006789e-04   1.1422885e-03   7.6211299e-03   1.2131087e-04   4.3306953e-04   2.9215066e-03  -1.2821222e-04   3.0317364e-03  -4.4797176e-05   8.3934499e-04  -7.9331096e-04  -7.6317707e-05   3.0896369e-04  -1.4738963e-03   1.1875373e-03   3.1856859e-03   9.1072843e-04  -7.1268746e-04  -5.6542658e-03  -1.1578163e-03   1.2869743e-03   1.1669858e-03
  -1.0205810e-05   5.7858045e-04   3.5927288e-03   1.6377524e-06  -2.1139868e-03  -1.8469662e-04   6.9059603e-05  -7.4608211e-04   8.7112017e-03  -7.3008100e-04  -1.1188626e-04  -9.1694795e-06  -8.3523935e-06   3.0494495e-03   4.4215054e-04  -1.8046280e-04  -4.4291961e-04  -2.7642903e-04   1.8872939e-05   3.8642875e-04   1.1388767e-04   4.1624194e-04  -7.3779297e-04   2.1127313e-03  -7.8330981e-05  -3.6450927e-05   1.3638048e-03   1.1182429e-03
  -1.9670699e-04   1.1655791e-03   3.7853003e-03  -5.4078696e-04  -4.7658238e-04   1.1851154e-03   2.9658773e-04  -2.2106656e-03   8.1709489e-03  -1.4207869e-03  -3.9806251e-04  -2.5498744e-03   9.6122591e-05   3.8837785e-03   8.0456391e-04  -9.8604793e-04  -1.1045739e-03  -5.8672201e-04   1.0686265e-04   1.4711102e-03  -6.5313288e-04  -2.4509199e-03  -1.9117794e-03  -1.8949984e-04   3.5036465e-03   6.2485588e-04   1.2622707e-03   1.0529510e-03
  -1.8291022e-04   1.8009366e-03   3.1382603e-03  -2.9905708e-04   1.5008303e-03   2.6499025e-03   6.0779879e-04  -2.6668379e-03   6.1104791e-03  -8.8714028e-04   3.3936252e-04  -3.4342578e-03   1.5438848e-04   3.4814176e-03   5.9332952e-04  -1.2389382e-03  -1.9667458e-03  -8.9174914e-04   2.5102359e-04   1.6193269e-03  -1.6591981e-04  -3.0462256e-03  -1.8520806e-03  -3.0804795e-03   2.5494958e-03   2.4249645e-04   2.7417705e-03  -1.6601142e-03
  -1.1843200e-05   2.4408616e-05  -6.1619159e-06  -1.0272572e-04  -2.9923136e-05  -2.0038043e-04  -3.5562378e-04  -7.8464062e-05   3.0552494e-05   1.6299538e-04  -8.2912493e-07   3.4022787e-06   3.3963316e-04  -9.7847800e-05   3.1337604e-04  -1.8932094e-04   2.9059593e-04   7.1935003e-04  -4.0689262e-04   3.2815539e-04   7.4698158e-04  -4.3901817e-04   6.1600685e-04  -1.2615802e-04   1.7325176e-04  -9.2207587e-04   1.2916461e-03   3.0282086e-04
  -1.2147451e-05   3.4188575e-05  -7.2789879e-06   1.8077729e-05   1.3315804e-05   1.1765487e-04   4.5132877e-04   2.0347944e-04   3.4841794e-05   1.8118529e-04  -4.2442119e-04   1.6685411e-04  -1.8673370e-03  -4.6706514e-05  -9.4539615e-04  -1.6064938e-03   5.1490776e-04  -2.9383395e-03   6.3875939e-04  -4.8379067e-04  -3.8878973e-04   5.1629646e-04   8.6257487e-04  -4.4967522e-04   1.1399308e-03   1.2407122e-03   2.7374168e-03   1.8026626e-03
  -1.3478860e-05   2.8338780e-05  -5.7955202e-06  -6.2208498e-05  -1.2323502e-05  -1.6589065e-04  -1.7797068e-04  -5.8766614e-05   1.3788701e-05   1.2717518e-04  -9.3183407e-05   6.1888144e-05  -2.5370595e-04  -8.8541952e-05   3.5443782e-05  -7.8525406e-04   4.1978308e-04  -3.0371541e-04  -1.9735079e-04   1.2639363e-04   5.2236971e-04  -2.5018095e-04   1.1681908e-03  -3.7272263e-04   8.2376485e-04  -9.0653540e-04   2.9010041e-03   1.1499420e-03
  -1.3951799e-05   3.1209030e-05  -5.9715044e-06   3.2631720e-06  -1.1765612e-05  -1.6918461e-04  -6.6695258e-05  -9.1055408e-05   1.0045996e-05   8.3189546e-05   5.1326370e-05  -1.7567299e-05  -2.7312956e-04  -8.0543822e-05   7.6610504e-05  -8.4606988e-04   3.6827543e-04  -1.3039411e-03   1.4503060e-04  -2.5688567e-04  -3.5147040e-04  -2.2020025e-05   5.0626426e-04   3.2307335e-05  -3.8579122e-04  -1.0419035e-03   2.7058932e-04  -2.1674224e-05
  -7.2186194e-06   2.0912098e-05  -8.2819796e-06  -1.5878239e-04  -3.2955882e-05   6.1172267e-05  -1.0048648e-04   2.4297743e-04   1.0540417e-04   3.9157261e-04  -2.9809602e-04   3.6999630e-05  -7.3126141e-04  -1.5598729e-04  -8.4388474e-04  -8.3242613e-04   1.1676090e-03  -3.2828209e-03   6.6114720e-04  -1.8833154e-04  -4.3278363e-04  -3.0101394e-04   7.9982508e-04  -3.0778768e-04   6.5200861e-04  -9.9301328e-04   1.8281467e-03   4.4853631e-04
  -1.2106516e-05   3.2788420e-05  -1.1357145e-05  -1.5097447e-04  -5.0985021e-05  -6.9817696e-05  -1.9510068e-04   1.3414323e-04   1.0229129e-04   3.5378104e-04  -2.1565592e-04  -2.6792323e-05  -3.7826324e-04  -2.2873328e-04  -3.2506661e-04  -8.3521825e-04   1.2822898e-03  -2.0084179e-03   9.3961125e-05   1.6687947e-04   2.3589275e-04  -6.8183531e-04   1.2438652e-03  -3.9459459e-04   7.2638289e-04  -1.0681464e-03   2.6083503e-03   5.5418743e-04
   3.8020796e-07  -3.9372212e-06  -9.7990690e-07  -3.3626860e-05  -9.7586835e-06  -3.2425971e-05  -2.1114559e-04  -4.9138578e-05   1.1117059e-05   5.6083909e-05   1.2858058e-04  -8.8117845e-05  -6.7696246e-04  -6.5452222e-05   3.6927446e-04   7.3985653e-04   3.5390132e-04   8.9787135e-05   7.5986678e-04   1.1967257e-04   2.5765197e-04   5.8201161e-05  -2.0334262e-04  -9.8948601e-05  -4.1111313e-04   4.5579512e-04  -1.9877835e-04  -5.4820138e-05
   7.6856937e-07   6.0902109e-07  -2.7316955e-06  -3.3475509e-05  -3.4174233e-06   7.5862342e-05  -5.2259167e-05   8.4909815e-05   3.4915422e-05   1.9035312e-04  -4.6156478e-05   1.8954798e-05  -5.7377932e-05  -2.8264500e-05  -4.1125850e-04   2.1019386e-05  -6.5281403e-05  -1.3480711e-06  -3.2295264e-03  -7.2906819e-04  -1.5668010e-03   5.8590051e-04  -8.4051200e-04  -6.0245173e-04  -3.9559622e-03   4.0182954e-03  -1.9105249e-03  -9.0931821e-04
   1.6134366e-07  -8.4769756e-06   1.5002701e-06  -5.7945777e-05  -7.5155051e-06  -2.1447544e-04  -6.3907394e-04  -2.4219074e-04  -2.1024121e-05   7.8489647e-05   5.0839277e-04  -2.8419680e-04  -1.8111555e-03  -5.9230357e-05   8.3781373e-04   1.2055585e-03   1.6515271e-04  -8.5809684e-06  -1.1459640e-03  -3.7258858e-04  -1.1152894e-03   2.7864132e-05  -6.3508663e-04  -3.7744462e-04  -5.6722676e-03   7.6108979e-03  -1.5018665e-03  -1.7556772e-03
   2.4714668e-06  -2.9697823e-06   4.3802662e-07   1.5927002e-04   1.6676656e-05   4.4719210e-05   2.7529402e-04  -6.5303288e-05  -1.8741039e-05  -6.8787760e-05   3.8437492e-04  -2.8790950e-04  -3.8606696e-04  -3.8671174e-05   4.9336301e-04   2.3799951e-04   1.5723939e-04  -7.0074535e-05  -1.5344287e-04  -2.2567986e-04  -4.2726362e-04   4.6887171e-04  -2.9867448e-04  -2.9571471e-04  -1.9077407e-03   1.9273068e-03  -1.4070803e-03  -6.2774201e-04
   3.1096245e-07  -1.5902758e-05   3.9250315e-06   1.8238259e-04  -9.7537720e-06  -2.6168510e-04  -1.2682299e-04  -4.6958750e-04  -7.4507270e-05  -4.5169209e-04   5.8349609e-04  -2.2527005e-04  -1.4756603e-03  -2.7451387e-04   1.8391235e-03   1.3861817e-03   1.6839854e-03   3.3361464e-04   3.8239848e-03   1.1078698e-04   4.4905865e-04   4.2212071e-04  -1.0297546e-03  -6.5973977e-04  -4.3781189e-03   3.0495759e-03  -2.1817860e-03  -9.7008240e-04
   9.5072906e-07  -1.3999142e-05   3.4559276e-06   7.9933631e-05  -8.1693017e-06  -2.0608764e-04  -2.3381548e-04  -3.2697566e-04  -4.8438767e-05  -2.8273749e-04   3.7533506e-04  -1.3819889e-04  -1.1412440e-03  -1.7347560e-04   1.2086450e-03   1.1220357e-03   1.1276824e-03   2.4744233e-04   2.7350047e-03   1.6840954e-04   4.0395281e-04   1.4132640e-04  -7.1358220e-04  -4.0878064e-04  -2.6689268e-03   1.6164639e-03  -1.2354283e-03  -5.1901664e-04
   6.6048654e-04  -5.0792227e-03   1.0327531e-02   3.4111457e-03   2.9838123e-03  -1.1573304e-03  -1.0437001e-03   6.5879611e-03   1.5970671e-03   9.4213692e-03  -1.3403672e-03   3.2189443e-03  -2.0870028e-04  -4.3151007e-03   7.0632225e-04  -5.7476715e-04   7.2792401e-04   1.4753390e-04  -1.7747397e-04  -3.8735380e-03   3.3143194e-03  -5.1188362e-03   5.3040082e-03  -8.1954750e-03  -7.0660638e-03  -2.3191300e-03   5.0221006e-03   2.0367093e-03
   9.1988076e-04  -2.7383052e-03   7.6784381e-03   6.4235202e-04   1.1182576e-03  -5.3288674e-03   8.6507709e-05   4.6515642e-03   1.0458138e-02   9.3308696e-04   2.2053460e-04   2.2527034e-03  -6.9787594e-05   2.4433590e-04  -1.7531370e-03   1.7019595e-03   2.3230350e-04  -1.5432507e-03  -1.2048850e-03   6.3115822e-03   1.9588651e-03   4.4408542e-03  -1.0173310e-03  -4.8107231e-03   7.9021672e-04  -1.3057352e-04   1.0228566e-03  -8.6656346e-03
   6.0290552e-04  -3.8845316e-04   6.5357716e-03   1.9851956e-04  -2.0588018e-03  -3.7459838e-03   4.8235586e-04   1.9604829e-03   1.3740392e-02  -1.1330760e-03   1.1587528e-03   1.7815266e-03  -4.1479499e-05   3.8118530e-03  -1.5633582e-03   1.4965525e-03   6.7207126e-04  -5.4517430e-04  -6.0844807e-04   3.9339898e-03   8.8050221e-04   3.0778088e-03  -2.7305860e-04   1.1090032e-03   3.4782915e-04   6.9801525e-04  -3.6022297e-03  -5.4243948e-03
   1.0384817e-04   9.5257042e-04   6.5600803e-03   2.9088300e-04  -4.0489959e-03  -5.0517305e-04   1.8562290e-04  -1.0617073e-03   1.4715705e-02  -1.9454944e-03   4.1035840e-04   1.1168473e-04  -6.0563031e-06   4.5024339e-03   2.6936155e-04  -6.0232241e-06   6.0044926e-04   1.9932429e-04  -1.0209107e-04   6.9403076e-04  -3.1507881e-04   9.9204301e-04  -1.5838796e-05   4.6772640e-03   6.1172834e-04   5.4687650e-04  -1.8488691e-03  -1.2934346e-03
  -4.2924490e-04   2.0232286e-03   6.3008165e-03   2.6710255e-04  -1.6655639e-03   2.3820783e-03  -1.9067229e-04  -3.7161977e-03   1.3474131e-02  -2.2895758e-03  -5.7899679e-04  -1.4952471e-03   2.6776156e-05   4.3265733e-03   2.2304367e-03  -1.5751975e-03   2.6926710e-04   6.4149851e-04   4.0301360e-04  -3.1365007e-03  -9.1285388e-04  -1.7514286e-03  -8.1719849e-05   1.8546386e-03  -8.2799918e-04  -2.9972687e-04   1.2631310e-03   3.6845546e-03
  -8.6993926e-04   4.1832287e-03   6.5301877e-03  -5.6581785e-04   1.1695407e-03   4.8727263e-03   9.0517127e-05  -5.8560625e-03   1.0674392e-02  -2.5220562e-03  -6.1212946e-05  -2.9030493e-03   1.0715282e-04   1.8983816e-03   2.0006387e-03  -1.9295162e-03   2.0953142e-04   1.4970863e-03   1.1002902e-03  -6.6709540e-03  -1.6964186e-03  -5.3243454e-03   7.8275067e-04  -3.8571166e-03  -9.2165570e-04  -3.0905618e-04  -5.0438570e-04   6.0244463e-03
  -5.7930709e-04   7.6603959e-03   7.9350870e-03  -3.9553075e-03   3.1008970e-03   1.5514953e-03   1.0860565e-03  -6.2236907e-03  -2.2440496e-03  -9.2642555e-03   2.0892329e-03  -3.4774296e-03   2.7577809e-04  -4.8377647e-03  -1.7460202e-03   7.7370307e-04   6.0393007e-04   5.3774220e-04   3.3065170e-04   2.4990488e-03  -2.8478381e-03   2.6523058e-03  -5.3746255e-03  -1.0885969e-02  -9.0493534e-04  -3.3223524e-04  -2.5792571e-03  -1.1778899e-03
  -1.5304720e-03   4.1625143e-03   9.8166098e-03  -1.2502537e-03  -8.0524200e-03   1.6235311e-03   3.2079025e-04  -4.7883684e-03  -1.9577201e-03  -4.3859872e-03  -1.7067300e-03  -6.0355137e-03   2.6065842e-04   1.0164467e-03  -2.2489980e-03   1.6279142e-03   1.0302410e-03  -3.8606941e-04  -6.8578235e-04  -4.0989640e-03   2.9779084e-03   1.7488957e-03   1.3424631e-03  -1.5339332e-03  -2.4447647e-03  -1.7232886e-04  -2.9774650e-03   4.7505207e-03
  -1.2744016e-03   2.4170493e-03   1.0658048e-02   3.7717506e-04  -1.3137864e-02   1.1294346e-03   5.1826554e-05  -2.5857185e-03   3.6598194e-05  -2.3918128e-03  -1.2734152e-03  -4.5228238e-03   1.9748648e-04   4.1190386e-03  -2.0258398e-03   1.4658044e-03   1.2404010e-03  -6.3620527e-04  -9.7097095e-04  -2.6045476e-03   2.8165142e-03   2.3651041e-03   3.5141380e-03   4.3555544e-03  -1.1764002e-03   1.8211422e-05  -1.3150454e-03   8.1117301e-03
  -4.0928184e-05   1.3058258e-03   1.0963485e-02   9.8182858e-04  -1.4926277e-02   1.0107535e-03   7.7792824e-05  -3.8113286e-04   1.0764463e-03  -2.3382292e-04   6.3863355e-04   7.1557841e-04  -2.2128968e-05   4.6351287e-03   6.7239030e-05   5.6200002e-05   8.8852575e-04  -1.8973720e-04  -4.8624158e-04   9.9907527e-05   4.8926232e-04   9.1072590e-04   2.5609121e-04   6.5212533e-03   1.9066800e-03   6.5362335e-04  -7.8562648e-04   1.5899350e-04
   1.0960822e-03   5.9291081e-05   1.0846802e-02   1.5922699e-03  -1.3063386e-02   3.9614470e-04   2.3258330e-05   1.7954784e-03   8.2336252e-04   1.5535158e-03   2.2172753e-03   5.4290551e-03  -2.2942825e-04   2.9015759e-03   2.1909112e-03  -1.4093594e-03   5.0553781e-04   7.7779966e-04   4.1353124e-04   3.7016910e-03  -2.8290441e-03  -2.4534807e-04  -2.6893636e-03   4.3974729e-03   1.6016374e-03   5.3542897e-04  -5.6655351e-04  -7.7246911e-03
   1.2529915e-03  -2.3645755e-03   1.0703449e-02   2.9725406e-03  -6.3284906e-03  -9.1943109e-04  -4.2510271e-04   4.8006098e-03  -2.9277203e-05   4.6756638e-03   1.9404233e-03   6.3705872e-03  -2.6611368e-04  -1.2123891e-03   2.1101518e-03  -1.5671034e-03   3.1831694e-04   6.3370895e-04   3.9053696e-04   4.5206163e-03  -2.7194326e-03  -1.1698276e-03   3.3791471e-04  -3.7068561e-03  -1.0549036e-04  -5.3444541e-04   2.3873702e-03  -5.5535072e-03
   8.8494683e-04  -5.5385884e-03   1.0064635e-02   3.7678241e-03   3.3549084e-03  -1.5357749e-03  -9.7940486e-04   6.3602219e-03   1.5404783e-03   8.6983249e-03  -1.1191018e-03   3.4040469e-03  -2.0338503e-04  -4.5514524e-03   9.3367294e-04  -6.8904885e-04   7.9686505e-04  -3.0136885e-04  -5.6948550e-04  -1.3103984e-03   3.1485882e-03  -2.9813111e-03   3.3305139e-03  -8.9928039e-03  -5.0043863e-03  -1.9393439e-03   4.4212973e-03  -2.2652599e-03
   7.8005838e-04  -1.1931737e-03   8.5706387e-03   1.7946140e-03  -3.2076427e-03  -4.1102677e-03   3.7757881e-04   2.6989336e-03   1.3911039e-02   2.5119446e-04   1.2127898e-03   2.5354811e-03  -7.8376876e-05   2.9250126e-03  -1.4549906e-03   1.3422566e-03   1.1040642e-03  -7.3378389e-04  -9.6590433e-04   5.6472886e-03   1.7632646e-03   2.9310662e-03  -7.4076754e-04   2.2147975e-03  -1.3200431e-03   7.8265344e-04  -5.3551764e-03  -1.0034077e-02
   1.5230860e-04   1.1409771e-03   7.6854972e-03   1.0508083e-04  -6.7179961e-03  -3.2496104e-04   3.6713794e-04  -9.2342841e-04   1.5003432e-02  -1.5455345e-03   6.0607775e-04   4.5658441e-06   3.5107332e-06   4.4680880e-03  -1.6179576e-04   2.2490975e-04   6.5763534e-04   2.2877305e-04  -1.7363121e-04   5.2764538e-04  -9.9111895e-05   1.0546632e-03   1.0070892e-03   6.0083367e-03   1.9327311e-03   9.6217312e-04  -2.8226353e-03  -3.1814304e-03
  -4.9317573e-04   2.9201940e-03   7.8580027e-03  -1.1288139e-03  -3.0169515e-03   2.2088426e-03   2.5774774e-04  -4.2152826e-03   1.4051666e-02  -2.8562592e-03  -6.6869765e-04  -2.4574475e-03   6.4755866e-05   4.2138814e-03   2.0792211e-03  -1.5097660e-03   9.6771595e-04   1.1794961e-03   4.9549233e-04  -5.1396438e-03  -1.7841948e-03  -2.3784822e-03   1.6556009e-03   1.7432242e-03   2.9615377e-03   4.2635267e-04  -3.8973353e-04   5.7560384e-03
  -9.2364396e-04   8.1689705e-03   7.6590429e-03  -5.0828488e-03   3.9809116e-03   2.2962823e-03   1.0131315e-03  -5.5981977e-03  -4.7433996e-04  -8.7674740e-03   1.5015780e-03  -4.5970027e-03   3.1140560e-04  -3.5351484e-03  -1.6538298e-03   7.0262353e-04   1.4853563e-03   5.4833164e-04  -4.4644971e-05  -1.5585892e-03  -1.9572051e-03  -7.2006526e-04  -5.4707137e-04  -1.2188016e-02   3.5504585e-03   5.6659249e-04  -4.9701128e-03   1.9301598e-03
  -1.0669184e-03   3.2018773e-03   1.0785449e-02  -9.6464780e-04  -1.4000889e-02   2.9464170e-03  -7.9072752e-05  -1.9262646e-03  -1.0824501e-03  -1.6031146e-03  -1.5340821e-03  -4.8630140e-03   1.7896115e-04   3.8634331e-03  -7.3388010e-04   5.2351014e-04   1.0851574e-03  -2.2425054e-04  -6.6069987e-04  -4.2970607e-03   1.8753512e-03   1.0002492e-03   6.2795139e-03   2.8896612e-03   2.0497581e-03   3.7885853e-04  -6.6951394e-04   7.1933388e-03
  -2.7446495e-05   1.4494435e-03   1.1011207e-02   5.6598916e-04  -1.5675199e-02   1.5475153e-03   1.2268007e-04  -2.5135892e-04   2.0602280e-04   9.3714706e-04   4.6497890e-06  -4.4147672e-04   1.6244838e-05   4.2882810e-03  -3.2950304e-04   2.1334714e-04   7.9609295e-04  -4.6716066e-04  -7.0832288e-04  -6.1458996e-04   1.1846489e-03   3.7477505e-04   2.3178971e-03   5.1881989e-03   3.6982356e-03   9.1043640e-04  -9.4503346e-04  -4.7113734e-05
   1.0520263e-03  -6.5982499e-04   1.1289413e-02   2.5091037e-03  -1.2655180e-02  -5.1706783e-04   8.9740014e-05   2.2708916e-03  -5.3358084e-04   3.5450405e-03   1.5851357e-03   4.7571037e-03  -1.9939312e-04   1.8710106e-03   1.1505689e-03  -8.9094418e-04   5.7791598e-04   4.2918332e-04   1.2587129e-04   4.8268102e-03  -2.4067064e-03  -1.3914337e-04  -2.0191116e-03   1.9287394e-03   2.4915062e-03   6.8353207e-04  -1.3298614e-03  -8.3078886e-03
  -8.8651970e-07  -1.4043492e-07  -3.8290363e-07   4.1820670e-06  -1.5269978e-06   1.2879924e-06   7.7272096e-06   3.5430088e-07   1.5574218e-06   1.4826557e-06   1.2145055e-05  -1.1688510e-05  -2.0336849e-06  -6.2850846e-06   6.1113116e-06  -1.8655174e-05   2.2888694e-05  -4.0185432e-06  -1.0446768e-05   8.8909158e-06   1.0857544e-05  -7.4808718e-06   1.8579155e-05  -9.1598105e-06   1.1733082e-05  -1.2706949e-06   1.2495774e-05  -4.7382715e-06
  -1.2908537e-06   9.4427943e-07  -8.7905348e-07   1.0100411e-05  -1.8099922e-06   2.2111556e-06   2.2739946e-05   1.6726207e-06   3.2367077e-06   9.3044373e-06   2.3237017e-05  -2.4831640e-05  -9.9838320e-07  -9.9279035e-06   1.5098296e-05  -2.8702511e-05   3.3924504e-05  -1.3413453e-05  -2.0446185e-05   1.4868154e-05   2.3732359e-05   8.4734383e-06   3.5659755e-05  -1.8489912e-05   2.0030516e-05  -1.7219808e-07   9.1572206e-06   6.0602832e-06
   4.5833143e-06   3.2176867e-06  -1.0969916e-05   1.7149706e-04  -1.7856481e-04  -2.4190056e-04   1.8869068e-04  -4.7651997e-05   1.9212143e-04  -2.3838339e-05   3.7236121e-04  -6.5501272e-04   5.3568854e-05  -6.3072241e-04   6.0017175e-04  -9.7884628e-04   2.0539636e-03  -3.0372262e-04  -9.0372083e-04   8.1234608e-04   6.4761159e-04  -1.6025867e-03   1.4201854e-03  -2.0924789e-04   1.6535664e-04  -2.8861843e-04   1.5970845e-03  -3.3804559e-04
   9.6061253e-04   7.9086357e-05  -5.1623423e-04   7.8226030e-04   1.6007158e-04  -2.4870477e-03   4.4598014e-04   4.0103655e-04   1.9263739e-03  -5.3097060e-05  -6.0395678e-04  -2.6392899e-03   1.0721816e-04  -1.1878626e-03   1.8301173e-03  -2.2356910e-03   3.4863075e-03  -4.6772538e-04  -1.5277722e-03  -5.1116292e-05   1.5459361e-03  -3.7502218e-03  -3.6944066e-04  -3.6621873e-05   1.3929262e-04  -2.8476774e-04   8.7437371e-04   5.0103069e-04
   2.6047055e-03   2.4165320e-04  -1.0763025e-03   1.2490477e-03  -2.4610680e-04  -5.0042076e-03   6.2689915e-04   1.4355227e-03   2.9584906e-03   1.0865538e-04  -2.9594701e-03  -7.5760459e-03   2.1115842e-04   7.0107004e-05   1.7405723e-03  -2.4736386e-03   3.2852480e-03   4.8824046e-04  -6.7165715e-04  -3.6558581e-03   1.0844408e-03  -6.0109478e-03  -4.2697604e-03  -2.1572963e-03   1.0816057e-04  -1.7359119e-04  -1.0045204e-03   2.7153188e-03
   3.8986835e-03   7.0720423e-04  -1.6065924e-03   1.6878054e-03  -7.8234657e-04  -7.6025442e-03   1.1150769e-03   1.2923657e-03   3.4788020e-03   1.1915627e-03  -4.8391516e-03  -1.0190944e-02   2.5503998e-04   1.3395222e-03   1.6615364e-03  -2.4436869e-03   3.8826743e-03   5.7673647e-04  -7.6920278e-04  -4.8662758e-03   1.9525124e-03  -5.9398747e-03  -6.7135146e-03  -2.6097844e-03  -2.2650622e-03  -5.9762474e-04  -1.7770334e-03   3.8823725e-03
   5.9793223e-03   1.4913565e-03  -1.4677909e-03   7.8967293e-04  -6.8283796e-04  -7.8426189e-03   1.3013272e-03   1.6345378e-03   3.3608564e-03   3.9713799e-03  -7.4770700e-03  -1.3572341e-02   2.9939680e-04   3.0001573e-03   1.2280840e-04  -9.8164098e-04   2.3176949e-03   7.6421245e-04  -1.0343225e-04  -8.4319998e-03   3.0919439e-03  -2.9934842e-03  -5.7565538e-03  -1.6405073e-03  -3.0633056e-03  -7.9927482e-04  -9.4928137e-04   6.3832887e-03
   9.1039032e-03   2.8024559e-03  -1.2914252e-03  -2.0943799e-03  -1.1345325e-03  -2.6051936e-03   4.7739049e-04   2.8416407e-03   3.2317834e-03   5.7914280e-03  -8.3290767e-03  -1.5125497e-02   2.9042640e-04   3.0123252e-03  -9.8041814e-04   6.7348183e-05   6.4713192e-04   2.5107610e-03   1.6957685e-03  -1.1440265e-02   1.1616670e-03  -9.1953710e-05   1.4736202e-03   1.0383402e-03  -4.2771152e-03  -1.6986870e-03   5.3527301e-03   1.4872395e-03
   1.0941933e-02   4.5787315e-03  -7.4757528e-04  -4.5581546e-03  -6.0942334e-04   1.7445038e-03  -7.7271772e-05   4.7861719e-03   5.7295749e-04   7.1082562e-03  -7.5211530e-03  -1.6205152e-02   3.0791593e-04   2.1797952e-03  -1.3780751e-03  -2.9544002e-04   8.1921109e-04   4.5452537e-03   3.2313083e-03  -1.0857796e-02  -2.3723446e-03  -2.1063354e-03   2.9858527e-03   2.1617822e-03  -2.4864339e-03  -1.2080389e-03   5.6743303e-03  -5.6937468e-03
   9.0905959e-03   3.1015590e-03   4.9166656e-04  -2.0768598e-03   8.2436181e-05  -2.5315455e-03   3.7558268e-04   3.2371521e-03  -3.2043800e-03   6.0210299e-03  -8.0315774e-03  -1.4337141e-02   2.7119653e-04   1.1666761e-03  -1.3384437e-03   3.1913358e-04   8.3813469e-04   2.7472108e-03   1.8357112e-03  -1.0403148e-02   6.2056699e-04  -9.2495233e-05   1.0162362e-03   2.4917931e-03  -4.7232162e-03  -1.5434414e-03   5.1243388e-03  -8.1005907e-04
   5.6609045e-03   1.9542491e-03   1.3856732e-03   1.2314886e-03   4.0549708e-04  -8.7700175e-03   1.3117902e-03   1.8418523e-03  -4.5040377e-03   3.4589853e-03  -7.0041208e-03  -1.1985219e-02   2.5157669e-04   2.6350118e-04  -3.6885860e-05  -7.2917585e-04  -2.2187432e-03   6.0701395e-04   1.2059381e-03  -6.6429875e-03   1.6083848e-03  -2.6388248e-03  -6.4659867e-03   4.3729544e-03  -2.2091236e-03   1.7370047e-04  -2.2991485e-03   4.5160663e-03
   3.5178868e-03   1.0811449e-03   1.5790460e-03   2.0541293e-03   6.9459072e-04  -7.4997782e-03   9.3069126e-04   1.8554982e-03  -4.7272616e-03   4.2345394e-04  -3.4173863e-03  -8.6014560e-03   2.5537178e-04   2.1834172e-03   4.5644692e-04  -1.7276976e-03  -6.0335843e-03  -1.0757057e-03   1.2446802e-03  -2.9472979e-03   1.6327703e-03  -6.4063229e-03  -4.4588930e-03   5.4015669e-03   5.9562491e-04   8.0309176e-04  -1.1937347e-03   2.4340846e-03
   1.9997063e-03   6.0456525e-04   9.1749236e-04   1.6500785e-03  -1.8140969e-04  -4.3650079e-03   1.9844790e-04   2.4211298e-03  -3.1693134e-03   2.8455324e-04  -2.1331078e-03  -5.5181112e-03   1.6415960e-04   1.7870386e-03   8.1570545e-04  -1.4891448e-03  -4.1690032e-03  -9.9687111e-04   6.6392980e-04  -2.6199488e-03   1.5637565e-03  -4.1164092e-03  -1.9582566e-03   2.6911167e-03   1.1282496e-03   5.8970885e-04  -6.3539492e-04   2.1310622e-03
   9.5121078e-04   2.8707348e-04   1.7041860e-04   7.1089708e-04  -6.7720768e-05  -1.8358994e-03   2.7047722e-04   1.0647150e-03  -1.4649391e-03   6.8563327e-04  -5.7081208e-04  -2.2930035e-03   8.6503076e-05   1.2083025e-03   4.7070204e-04  -9.8081920e-04  -3.2765593e-03  -1.2328121e-03   1.6876000e-04  -1.8100792e-04   1.6223997e-03  -2.2839821e-03  -1.6530409e-04   1.3199858e-03   2.6598026e-05   1.6141920e-04   4.7891693e-04  -6.5759798e-04
   4.4952892e-05   2.1183258e-05  -4.9998410e-05  -1.3413740e-05   1.7951978e-04  -9.3250034e-05   1.6961573e-04  -1.5448675e-04   1.3302294e-04   1.1814541e-04   2.2839578e-04   1.4611584e-04   5.2832721e-06   1.0077987e-04   9.9853769e-05  -1.5814000e-04  -5.5782112e-04  -2.9156299e-04  -4.4100780e-05   3.6496935e-04   2.5343591e-04  -4.1555225e-05   2.6442438e-04   2.4030612e-04  -7.1646034e-05  -3.3250040e-05   3.5753611e-04  -3.0593599e-04
  -2.8146510e-06   6.1920666e-06  -5.8818244e-07   7.2844638e-06   1.8270061e-06  -4.8572454e-06   2.8838043e-05   5.5543149e-06   2.4464291e-06   3.0599298e-05   7.3947416e-06  -8.2749729e-06   1.1599933e-06  -3.3605498e-06   4.6734547e-05  -3.6665061e-05  -1.7000389e-05  -2.9153477e-05  -1.9454598e-05  -4.1013874e-06   4.1988944e-05   5.0289223e-05   4.0507537e-05  -5.5346779e-06   1.0442478e-05   6.4281414e-07  -6.3380653e-06   3.0825195e-05
  -9.6258924e-07   6.5359112e-07   2.3517311e-07   1.5554555e-06   8.1594114e-07   2.5831830e-07   3.8411911e-06   5.9279836e-07   1.8010660e-07   2.9535751e-06   2.2355673e-06   3.6860355e-07   9.2624235e-07  -1.1243725e-06   6.0434507e-06  -8.9658746e-06  -7.0002012e-07  -1.9835703e-06  -1.7670957e-06  -2.0655740e-06   5.3061437e-06   8.9201735e-06   3.5341387e-06  -5.2642263e-07   6.3285759e-06   4.3276657e-07  -3.3655386e-06   3.0883718e-06
  -2.8488862e-06   9.4030422e-06  -7.1193826e-06  -6.7268459e-04  -7.8257042e-05  -3.6155089e-04  -3.5586787e-03  -9.3652872e-05   2.4074916e-04   2.7929962e-03   3.5241286e-03  -2.3784645e-03   1.9012597e-02  -3.9900124e-04   9.2172457e-03   1.7062952e-02   1.5463323e-03  -1.3625481e-02   5.7253329e-04  -1.5604858e-03  -6.0323249e-03  -1.3956247e-03  -6.5110684e-04  -1.8592136e-04  -6.1015427e-04   1.6396322e-02   4.2678600e-03   1.9260082e-03
  -1.6620586e-06   4.7957536e-06  -9.0106692e-06  -8.3072375e-04  -1.2326379e-04  -6.5125480e-04  -4.7963057e-03  -3.2383628e-04   2.9050379e-04   3.4593900e-03   4.9106563e-03  -3.2931579e-03   2.6169834e-02  -6.1384709e-04   1.2887287e-02   2.2800762e-02   2.3844487e-03  -1.7709194e-02   4.5813446e-04  -1.8893708e-03  -8.2233389e-03  -2.6465850e-03  -5.0175486e-04   5.3004548e-05  -1.4969714e-03   1.8101475e-02   5.1903324e-03   1.5026133e-03
  -3.0140216e-06  -8.6318626e-06  -4.4969939e-06  -1.0530247e-03  -1.5722869e-04  -1.1559324e-03  -6.3055171e-03  -7.6719973e-04   2.6051633e-04   3.5802299e-03   5.4218618e-03  -3.2781792e-03   2.6250853e-02  -5.8790385e-04   1.2247300e-02   2.1304161e-02   2.3185993e-03  -1.7080115e-02   7.4694097e-04  -1.8933270e-03  -8.0597403e-03  -2.6359452e-03  -4.9297993e-04   2.2238907e-04  -1.6210861e-03   1.5029441e-02   4.5706787e-03   1.0892539e-03
  -6.9550995e-06  -3.6044567e-05   5.9811969e-06  -1.6326122e-03  -2.4825941e-04  -2.7213799e-03  -1.1149571e-02  -2.2150851e-03   1.6362586e-04   4.1325116e-03   7.4713873e-03  -3.2774298e-03   2.0423300e-02  -3.9958629e-04   6.6375172e-03   9.2371826e-03   1.4826464e-03  -1.1328884e-02   2.0704326e-03  -1.9715594e-03  -4.8884030e-03   3.9690059e-04  -6.3947835e-04   7.5630243e-05   1.1056838e-04   2.0345915e-03  -1.9717639e-04   5.1944039e-04
  -1.1896893e-05  -6.9631918e-05   1.9367883e-05  -2.4649694e-03  -3.8194691e-04  -5.0092366e-03  -1.8519962e-02  -4.3471107e-03   5.1416872e-05   5.3526840e-03   1.1210525e-02  -3.7801581e-03   1.4421448e-02  -1.9343494e-04  -3.9456853e-04  -6.7117348e-03   5.9682988e-04  -6.0113831e-03   4.4655274e-03  -2.6673877e-03  -1.6405833e-03   5.1151070e-03  -9.5068772e-04  -1.1063222e-04   2.6125144e-03  -1.6993725e-02  -7.8678082e-03  -4.6590940e-04
  -1.2433491e-05  -9.0267489e-05   2.5517644e-05  -2.9021008e-03  -4.3086680e-04  -5.8427169e-03  -2.1418944e-02  -5.0883199e-03   2.9969338e-06   5.7720753e-03   1.2678083e-02  -4.6808949e-03  -1.0168861e-02  -4.1512545e-05  -3.1491831e-03  -1.1165508e-02  -1.7099098e-03   1.6240554e-03  -5.5146959e-03  -2.8992834e-03  -1.3662696e-03   6.0672631e-03  -1.0428051e-03  -1.7194121e-03  -2.1490006e-03   2.3609195e-02  -7.3644110e-04   8.4148508e-04
  -6.5571302e-06  -5.8349269e-05   1.2701064e-05  -2.2274461e-03  -3.2600929e-04  -4.1625038e-03  -1.6398269e-02  -3.5889424e-03   1.1182753e-04   5.3263109e-03   1.1171016e-02  -5.2431261e-03  -1.4692273e-02  -1.4718474e-04   1.7084244e-03  -5.2133934e-04  -2.1250845e-03   2.6964022e-05  -9.9882162e-03  -2.5639400e-03  -3.1783218e-03   3.8769865e-03  -1.0186906e-03  -1.2298631e-03   9.0785559e-04   7.1507794e-03  -1.6633983e-03   1.3343690e-03
  -2.5500141e-06  -3.4296193e-05   3.6066670e-06  -1.4721988e-03  -2.0213834e-04  -2.1998067e-03  -9.7911025e-03  -1.7913427e-03   1.7731351e-04   3.9448004e-03   7.8365255e-03  -5.0626545e-03  -2.0551926e-02  -2.3364228e-04   7.9148186e-03   1.4119254e-02  -2.5552695e-03  -2.0989273e-03  -1.6169356e-02  -1.8023006e-03  -6.5184606e-03  -1.2223353e-03  -7.1213385e-04   4.4235220e-05   2.5003054e-03  -1.2189840e-02  -8.9389144e-04   7.4795303e-04
   7.5581731e-07  -1.5976031e-05  -3.4126885e-06  -9.7180628e-04  -1.2659820e-04  -1.0647390e-03  -6.0797348e-03  -7.9575195e-04   2.1987188e-04   3.3333388e-03   6.4252786e-03  -5.2315554e-03  -2.3741348e-02  -2.9988385e-04   1.1364620e-02   2.1678766e-02  -2.8051900e-03  -3.2568904e-03  -1.9485183e-02  -1.5447918e-03  -8.2247972e-03  -3.3166011e-03  -6.0105060e-04   5.5845417e-04   3.5393620e-03  -2.1631684e-02  -1.0249360e-03   5.1328189e-04
   2.1324717e-06  -9.1412101e-06  -6.2667234e-06  -7.4661306e-04  -1.0370690e-04  -7.4029135e-04  -4.8853270e-03  -5.5714799e-04   2.1625490e-04   3.0003162e-03   5.7410830e-03  -4.7280449e-03  -2.0589481e-02  -3.1476758e-04   1.0105366e-02   1.9050853e-02  -2.2299300e-03  -2.8076710e-03  -1.6347809e-02  -1.3174747e-03  -6.7030584e-03  -2.3131978e-03  -6.4922704e-04   2.9764158e-04   3.9570646e-03  -2.0173826e-02  -1.5387110e-03   8.1784965e-04
   8.0801206e-06  -6.1173503e-05   5.6770171e-06  -6.3354983e-04  -1.0480692e-04  -1.1979793e-03  -3.8409788e-03  -8.2979075e-04  -2.9040896e-05   5.3808803e-04   1.3021048e-03  -2.0247580e-04   4.4039731e-04   3.6252241e-05  -1.3950073e-03  -2.3510076e-03   9.5287247e-05   1.7581645e-04   5.7199519e-04   3.7045523e-04   2.9074520e-04  -3.4435367e-04   1.3855985e-04   1.2080698e-04   5.1433910e-04  -7.6585621e-04   6.9004457e-04  -8.4838651e-05
   9.4851240e-06  -1.0450766e-04   5.7478920e-08   2.5714542e-04   2.3152481e-05   1.3656878e-04   8.6102303e-04   4.9440879e-04   3.8500660e-05   9.2789027e-04   1.6187628e-03  -1.0580463e-03   4.3696004e-05  -4.5488703e-05   1.9412653e-04  -8.8414158e-04   1.1406302e-05   6.4226105e-05   6.4175880e-05   2.5908543e-04   1.8395839e-04   1.4229194e-03  -7.4462597e-04  -4.6229499e-04   1.4724309e-03   5.8488482e-04  -1.9047934e-03   4.8546453e-04
  -2.1745231e-05   7.1885102e-05  -4.1149221e-05   3.9399334e-04   3.4026605e-05   8.4909319e-04   2.0999657e-03   9.2358301e-04   1.2500411e-04   1.4498152e-03   2.5774805e-03  -1.5101727e-03   8.4224888e-05  -1.2345006e-04   3.5044043e-04  -6.6916060e-04  -1.2225422e-05  -8.8165241e-05  -6.2679279e-05   3.0433421e-04   1.9987475e-04   2.4648700e-03  -9.7273191e-04  -6.9194567e-04   2.3450912e-03   8.9971057e-04  -3.5124767e-03  -3.5849279e-05
  -9.1494522e-05   4.0306846e-04  -1.1440042e-04   3.5363634e-04   7.1535015e-05   2.4818750e-03   2.6222521e-03   7.9602026e-04   2.0869381e-04   2.2285644e-03   3.2513636e-03  -2.2890895e-03   1.2606477e-04  -1.8692293e-04   3.7957131e-05  -6.3083318e-04  -2.5116573e-05  -2.0531952e-04  -1.3326298e-04   9.3671463e-04   2.3139702e-04   2.8655087e-03  -2.1004488e-03  -5.4478969e-04   3.2715047e-03   1.0903818e-03  -3.5042739e-03  -1.9170611e-03
   9.6812563e-04   1.4083396e-03  -2.1072568e-03   9.3293039e-03   1.1714603e-04   5.4957492e-03   5.7495605e-03  -4.2575849e-04  -2.4778205e-03   4.5197787e-03   9.1976218e-03  -4.9254009e-03   3.6036745e-04  -5.4555206e-03   2.9817242e-04  -2.3880128e-03   3.8835355e-03   1.3517576e-03  -3.5579682e-04  -1.9542420e-03  -6.2086390e-04   5.1953544e-03  -3.1185692e-03  -1.2814342e-03   4.5759140e-05  -1.2792290e-04  -1.1045615e-03  -3.2236258e-03
   6.2905110e-04   1.0218296e-03  -1.4582589e-03   6.8547681e-03   7.1709038e-04   5.5898511e-03   3.5097687e-03  -9.3899930e-04  -2.3937578e-03   5.5751961e-03   4.8707426e-03  -3.6787402e-03   1.9483189e-04  -4.1264781e-03   4.5831978e-04  -1.6479844e-03   4.8124373e-04   8.5597432e-04   4.1876180e-04  -1.3131811e-03  -8.8339793e-04   4.0976338e-03  -5.8870468e-03  -1.3343982e-03   1.2990959e-03   3.4081305e-04  -1.7886503e-03  -2.9944243e-03
   1.5326987e-04   8.0069875e-04  -1.9044216e-04   4.3750428e-03   3.5682115e-04   4.2873895e-03  -8.0898781e-05  -9.0434314e-04   2.3095261e-04   3.7392157e-03   2.1741337e-03  -1.1118801e-04   4.8250387e-05  -3.9541064e-04  -1.0148864e-03  -4.2609397e-04   2.2641152e-04   8.6497430e-04   6.9478550e-04   1.3359860e-03  -1.7643372e-03   1.2529380e-03  -5.5148246e-03   8.3193033e-04   7.9181126e-04  -8.4751665e-05   1.6683797e-03  -4.7783954e-03
   6.2927318e-04   1.3003283e-03   8.7193611e-04   7.4246325e-03   4.3113984e-04   6.1862782e-03   2.4890286e-03  -1.7305952e-03   2.9311662e-03   5.3562311e-03   3.8201847e-03  -2.7546194e-03   1.1988662e-04   3.1034827e-03   1.0926436e-03  -1.6982912e-03  -5.8538315e-04   3.0088420e-04   5.8993959e-04   3.9897041e-04  -1.1586815e-03   5.1555599e-03  -7.6060564e-03   1.5747437e-03   2.3729581e-03   4.6024002e-04   6.8072734e-04  -3.7102601e-03
   9.7335002e-04   1.9201481e-03   1.2844536e-03   8.8591470e-03   1.2122817e-03   6.0653928e-03   6.0546325e-03  -4.1117304e-04   2.8315173e-03   4.1850731e-03   9.8780748e-03  -4.4696250e-03   3.1929019e-04   4.1106197e-03  -2.0740746e-04  -1.5431593e-03  -4.1886155e-03   1.4223290e-04   1.6783469e-03  -1.6899643e-03  -7.2246146e-04   6.7501764e-03  -3.4989936e-03   1.0565438e-03   1.0839186e-03   7.0705947e-04  -1.0893219e-03  -3.4205009e-03
   4.8243258e-06   1.0264254e-05  -2.9060004e-05   1.5674157e-04  -1.8246515e-04  -2.3937388e-04  -4.2437155e-04  -1.0564290e-04   2.1058884e-04   6.3885558e-04   2.1301386e-03  -1.9133297e-03   1.9649637e-03  -8.7507193e-04   1.4981901e-03  -1.2026063e-03   3.8527692e-03  -2.1726577e-03  -1.1784461e-03   1.0720617e-03   8.0374234e-04  -1.7648969e-03   2.5331037e-03  -7.0182569e-04   8.6882811e-04  -5.1230820e-04   2.1466294e-03  -6.6196365e-04
  -5.3651398e-06  -1.8465283e-05   4.4300794e-06   2.2194095e-04  -3.6373029e-05  -1.2685427e-03  -2.4232567e-03  -1.5840936e-03  -2.2920130e-04   3.5342595e-05   4.6166828e-03  -2.3438697e-03   1.1271275e-02   2.8232478e-06   9.7434889e-03   6.9120981e-03  -4.6037844e-03   3.3861352e-02  -9.9505753e-03   6.0177873e-03   1.3737543e-02  -9.3366150e-04   1.3631400e-03  -1.3419523e-03   2.2597339e-03   2.2509388e-03   2.6817786e-03   6.8611854e-04
  -3.5593331e-06  -1.5799163e-05   5.0081914e-06   2.2572819e-04  -1.1054094e-05  -1.1301941e-03  -2.4717761e-03  -1.4793326e-03  -2.1164037e-04   3.5921441e-04   4.9845061e-03  -2.5611259e-03   1.1935862e-02   7.2996633e-05   9.8827449e-03   7.3187038e-03  -5.0162053e-03   3.4075851e-02  -9.7884885e-03   5.8787918e-03   1.4056264e-02   2.5006547e-05   1.0357667e-03  -1.5833493e-03   3.1736409e-03   1.5873032e-03   1.5420619e-03   9.1352505e-04
   1.5381753e-06   9.6189554e-06  -1.0092835e-05   1.3467276e-04  -2.1760312e-05  -7.1792465e-06  -6.1261616e-04  -6.1095582e-05   8.6685341e-05   9.8513392e-04   2.3153873e-03  -1.5638890e-03   2.2983622e-03  -2.0123189e-04   1.4069415e-03   1.4106470e-04   3.3463705e-04   8.3022890e-04  -6.0923868e-04   2.7025703e-04   1.5139692e-03   1.6165246e-03   5.1106744e-04  -9.6288368e-04   2.3402796e-03   3.0625650e-03  -2.8654969e-04   1.1834214e-03
   1.1448853e-05   2.4616692e-05  -3.5866378e-05   4.0424923e-04  -1.3908609e-04   4.2259981e-04   8.0408757e-04   4.8406213e-04   3.1066970e-04   1.1469402e-03   2.4397339e-03  -2.4681219e-03  -2.5445670e-04  -9.5322945e-04   1.6698795e-05  -3.0932639e-03   4.8936179e-03  -8.7385192e-03   5.1125191e-04  -1.3132951e-04  -8.6869201e-04   2.3392461e-04   2.7057507e-03  -1.4748793e-03   2.8393949e-03   2.2963010e-03   1.1321775e-03   1.7373943e-04
   9.3157528e-06   3.3125166e-05  -5.0318598e-05   4.6177778e-04  -2.6212393e-04   3.3780953e-05   6.4863477e-04   2.0606114e-04   3.6527114e-04   8.6867031e-04   2.8636532e-03  -3.0029563e-03   4.6843477e-04  -1.4589744e-03   1.2621658e-03  -3.7063263e-03   6.9411924e-03  -6.7745478e-03  -1.1869925e-03   1.1870243e-03   4.2071711e-04  -2.2908107e-03   4.5832779e-03  -1.5710375e-03   2.2169522e-03   1.1513987e-03   3.6486173e-03  -8.3875155e-04
   7.7812446e-06  -5.5483449e-06  -3.1922488e-07   5.8640545e-05   2.7139759e-05  -1.6842297e-05  -8.3597720e-04  -4.1598087e-05   3.7208670e-05   9.4240988e-04   2.2019608e-03  -1.4887412e-03  -1.4709687e-03   1.1051888e-04   4.0472569e-04  -2.6061446e-04  -1.0599598e-03  -3.2390976e-04  -1.5395217e-03  -1.7641389e-04   2.2008127e-04   1.3763171e-03   3.1404740e-04  -2.7506503e-04   2.5951101e-03  -1.4348361e-03  -1.2089958e-03   7.4289291e-04
   3.6641902e-06  -2.6618708e-05   9.8819202e-06   1.4756559e-04  -2.0234193e-06  -1.0502196e-03  -2.7592617e-03  -1.3936598e-03  -1.5946115e-04   5.4240735e-04   5.5019386e-03  -3.5382474e-03  -1.0797838e-02  -5.1201698e-04   9.9214234e-03   8.8437937e-03   3.5797093e-03   6.4750431e-04   2.7732779e-02   4.7687353e-03   1.2051918e-02  -1.6787597e-05   1.4916526e-03   4.4238976e-04   3.8933854e-03   2.9088562e-04   5.6080083e-04   7.2801092e-04
   2.1861307e-07  -4.1439764e-05   1.6504386e-05   1.2578665e-04  -1.7733797e-05  -1.4406823e-03  -3.2273358e-03  -1.8304545e-03  -2.4798655e-04   3.1132602e-05   5.5030558e-03  -3.3953068e-03  -1.1865965e-02  -5.7731274e-04   1.0998884e-02   9.8653555e-03   4.1539742e-03   6.7981176e-04   3.0114904e-02   5.1749438e-03   1.2225661e-02  -1.1640336e-03   1.7028145e-03   8.6387318e-04   2.9330942e-03  -2.1212729e-04   1.4266466e-03   1.0915135e-04
   1.1689505e-05   1.0630622e-06   1.6388941e-05   1.2141743e-04   1.5781275e-04  -1.2784622e-04  -5.0520228e-04  -2.2723348e-05  -1.1209684e-04   6.8866923e-04   2.0757984e-03  -1.6679015e-03  -1.0646746e-03   7.8349700e-04   2.4291283e-04  -7.3648972e-04  -3.8255539e-03  -1.2279761e-03  -1.6991166e-03   6.2378780e-04   3.3800589e-04  -1.0137588e-03   2.0667893e-03   9.4362250e-04   2.2956361e-03  -1.4398163e-03   7.7496899e-04  -1.9882137e-04
   1.7305298e-05   3.0269902e-05   2.3989625e-05   4.1259110e-04   3.1684729e-04   1.6273433e-04   5.8692604e-04   3.5068244e-04  -2.0134639e-04   9.6878952e-04   2.7279050e-03  -2.5171213e-03   4.8913158e-04   1.5633064e-03  -7.5862240e-04  -3.2117580e-03  -7.9389974e-03  -2.6080655e-03  -6.0350718e-03   6.1980088e-04  -4.4323150e-04  -1.7659931e-03   4.6082262e-03   2.1307781e-03   4.5306456e-03  -1.1496032e-03   1.4797283e-03  -9.3249787e-04
   1.2453950e-05   2.0271758e-05   3.8862350e-06   2.3531546e-04   1.4990626e-04   3.7011633e-04   2.7306949e-04   4.5815924e-04   4.9349220e-06   1.2064001e-03   2.1603243e-03  -1.8586371e-03   3.2302150e-04   7.5024814e-04  -1.0574081e-03  -2.3234449e-03  -4.4367391e-03  -1.3997095e-03  -6.5794976e-03  -3.7777775e-04  -9.6738024e-04   7.1610678e-04   2.0580016e-03   5.5811681e-04   4.0172603e-03  -1.0162952e-03  -5.2265200e-04   2.1608320e-04
   5.6634599e-03   5.2014035e-03  -5.9522474e-03   7.9655160e-03  -6.9762840e-03  -4.9127067e-03  -2.7275801e-03  -1.0423358e-03   2.0766211e-03  -5.6087374e-03  -2.0692883e-03   1.5243691e-03   2.1833130e-05  -1.1309464e-02  -4.8999267e-03   4.3815967e-03  -5.6889750e-03   1.6873530e-04   1.5207066e-03  -1.9508450e-03  -2.1133840e-03   5.4194327e-03   3.6441282e-03  -9.2424720e-04   6.8557786e-03   5.6091382e-04   4.6649574e-03  -3.7859376e-03
   2.2854156e-03   2.0585066e-03  -2.5332720e-03   1.2705255e-02  -1.0357594e-03   6.4993554e-03  -4.4849663e-03  -7.6289256e-03   5.8577533e-04   2.9230599e-03  -5.3352093e-03  -1.0822465e-04  -4.2134827e-05  -9.8770426e-03  -2.0699331e-03   1.5271284e-03  -3.3060274e-03  -1.9972093e-04   5.9964581e-04   1.0305321e-03  -2.9757083e-04   5.8097810e-04  -1.7821846e-03   6.9648062e-04   1.7441482e-03  -1.2461308e-04   3.5346115e-03  -3.3155400e-03
   1.1139860e-03   5.9831716e-04  -1.1793787e-03   1.3391436e-02   5.0678464e-04   1.0870332e-02  -5.5345334e-03  -9.1293004e-03  -6.5689779e-04   5.6362291e-03  -8.6219321e-03  -2.2083310e-03  -1.1494166e-04  -5.1049524e-03   3.9058479e-03  -2.6069531e-03  -2.0676892e-03  -1.0662505e-03  -3.2771934e-04   3.0599098e-03   6.5908476e-05   1.3471451e-04  -8.8748675e-03   1.1898523e-03  -4.4537159e-04  -1.1042743e-03   6.3597533e-03   9.5316386e-04
   8.3170971e-04  -6.8405470e-05  -3.2542956e-05   1.3095963e-02   1.3365048e-03   1.1143499e-02  -6.9895475e-03  -9.7830419e-03   2.9297920e-05   3.5328003e-03  -1.1397009e-02  -1.7105336e-03  -2.3496102e-04  -7.1514106e-04   6.8540738e-03  -3.6550945e-03  -1.2195617e-03  -1.6882686e-03  -9.7270242e-04   4.5038115e-03   1.2307106e-03  -6.4408230e-04  -9.1788957e-03   5.6436816e-04  -5.3689830e-03  -1.7426700e-03   5.2015870e-03   1.7311514e-03
   1.0313543e-03   6.9467068e-04   7.5773856e-04   1.3577765e-02   2.1096488e-03   1.1488632e-02  -5.8814960e-03  -9.1983492e-03   8.9501698e-04   5.5995209e-03  -8.9532120e-03  -1.7668567e-03  -1.7174302e-04   3.0493219e-03   5.3402899e-03  -3.2348580e-03   1.9976416e-04  -1.3500066e-03  -9.6838503e-04   4.0551409e-03   4.2456131e-04   7.2738540e-04  -1.0033580e-02  -6.7823356e-04  -9.1645310e-04  -1.3577335e-03   7.1407532e-03  -3.2434192e-04
   1.9336761e-03   2.4287377e-03   1.4170381e-03   1.2729944e-02   2.7007480e-03   8.9385057e-03  -5.0903848e-03  -7.6577412e-03  -7.7822116e-05   4.5720347e-03  -5.6756612e-03   6.9943826e-04  -1.5336092e-04   7.7587521e-03   8.7375219e-04  -9.7197659e-05   2.8948934e-03  -4.2306688e-04  -9.7727718e-04   2.3692577e-03   5.2514849e-04   4.9441689e-04  -3.7157714e-03  -7.4464058e-04   8.7965417e-04  -4.9223105e-04   3.3710347e-03  -3.1758143e-03
   5.8239155e-03   6.7900104e-03   4.0680898e-03   7.0840725e-03   7.3286980e-03  -5.2250039e-03  -2.9818808e-03   8.4523693e-04  -3.8895786e-03  -4.0112176e-03  -1.7258267e-03   3.1195712e-03  -1.1889690e-04   1.1315856e-02  -1.8835769e-03   2.9406206e-03   6.9839534e-03   6.1578650e-04  -1.3855200e-03  -2.0881131e-04  -1.0056982e-03   6.1099202e-03   2.1136149e-03  -1.2577772e-03   5.5358060e-03   2.5320092e-04   2.6584808e-03  -1.8137561e-03
   1.2222997e-02   8.1748694e-03   1.1201379e-03  -1.5878133e-03   4.4959717e-03   3.0444168e-03  -2.5996416e-03   7.7264774e-03  -3.2281930e-03  -1.3174881e-03   2.1767546e-03   4.4714656e-03  -1.5960964e-04   4.4778480e-03   2.4976186e-03  -1.4951848e-03   3.2159674e-03  -5.3224984e-04  -1.1633398e-03   5.9004147e-03  -1.1302327e-03  -1.7449425e-03  -4.3189204e-03  -3.8301689e-03   4.1285518e-03   6.4437495e-04  -4.8803460e-04  -8.1410204e-04
   1.4410719e-02   9.8929728e-03  -4.6936974e-04  -4.0589222e-03   1.9790444e-03   7.2230665e-03  -2.5417355e-03   1.0036099e-02  -6.4999914e-04   1.3975403e-03   4.2662438e-03   3.5401024e-03  -1.1266062e-04   6.5203487e-04   1.5318281e-03  -2.3017547e-03   9.3799819e-04   1.2500867e-03   9.5661615e-04   1.3718381e-02  -6.2952602e-03  -3.0967006e-03  -2.6210162e-03  -3.5611406e-03  -3.5003176e-03  -5.4709262e-05  -3.6988588e-03  -1.1358757e-03
   1.4987759e-02   1.0085337e-02  -1.6855536e-03  -4.4490734e-03  -1.1473323e-03   8.0473010e-03  -2.4255868e-03   1.0281596e-02   1.2211506e-03   1.8129989e-03   4.7814054e-03   3.5714766e-03  -1.1320151e-04  -1.6922012e-03   1.5380826e-03  -2.6699624e-03  -7.9630694e-04   1.6658141e-03   1.7243335e-03   1.6247504e-02  -8.1458939e-03  -3.2984745e-03  -2.7360641e-03  -6.5946624e-04  -5.6593936e-03  -1.0719211e-04  -5.3794695e-03   1.4762904e-03
   1.4151800e-02   9.2707124e-03  -2.7190203e-03  -3.5787930e-03  -4.0214179e-03   6.9923482e-03  -2.4227210e-03   9.2743650e-03   2.7914740e-03   6.0757327e-04   3.8415313e-03   2.8475145e-03  -8.3040173e-05  -3.3443751e-03   1.1959548e-03  -2.0961913e-03  -2.2295821e-03   8.9130294e-04   1.3990424e-03   1.2571029e-02  -5.7682821e-03  -3.2678628e-03  -3.3686791e-03   2.4860391e-03  -3.7816389e-03   1.4109546e-04  -4.2934124e-03   4.3967348e-03
   1.1062057e-02   6.7398101e-03  -3.6716419e-03   1.6219097e-04  -6.0770281e-03   1.6709149e-03  -2.3762687e-03   5.4485382e-03   4.1261864e-03  -3.3016087e-03   1.1860909e-03   3.5730951e-03  -7.8080845e-05  -8.0626278e-03   6.4919408e-04  -1.6663410e-04  -4.9257387e-03  -1.5651177e-03   5.8274648e-05   3.0542541e-03  -5.7296401e-04  -1.6940711e-03  -2.9167714e-03   5.5157350e-04   7.0973532e-03   1.2348489e-03   4.9825132e-04   6.1072186e-03
   5.2754191e-03   4.8447906e-03  -4.9948931e-03   8.2936011e-03  -6.5632438e-03  -1.6490803e-03  -3.3426907e-03  -2.2100133e-03   2.5727140e-03  -5.0633177e-03  -1.5617514e-03   2.7722597e-03  -9.0955217e-07  -1.1292233e-02  -6.0991936e-03   5.3309936e-03  -5.5515014e-03   1.7925028e-05   1.3614626e-03  -3.5960601e-03  -2.8553295e-04   4.8050946e-03   6.7753183e-03  -2.8133428e-04   4.9976161e-03   2.4850958e-04   5.4933022e-03  -5.1558343e-03
   1.4415174e-03   1.8483378e-03  -1.6156838e-03   1.2242330e-02  -4.5382280e-04   8.8572205e-03  -6.3643621e-03  -1.0132100e-02   2.3111214e-03   3.0571432e-03  -8.5522936e-03   1.1465148e-03  -2.1539238e-04  -4.8878713e-03   7.8011000e-04   1.6158162e-04  -2.2174178e-03   6.0241831e-04   9.0709139e-04  -1.3003183e-03  -5.6943503e-04  -6.9576459e-03   9.2733790e-04   2.3361824e-03  -1.9857083e-03   3.0922813e-04  -3.6199338e-03   4.9145076e-03
   7.0961241e-04   9.5490050e-04  -1.5027099e-04   1.2270573e-02   1.2276393e-03   8.1378376e-03  -6.5701050e-03  -1.0151736e-02  -2.8182407e-05   2.4662261e-03  -1.0405593e-02   1.0202211e-03  -3.0679370e-04  -4.5636679e-04   5.0851113e-03  -2.2201749e-03  -4.8388843e-04  -4.5877787e-06   3.6115919e-05   2.3597413e-04  -4.4912168e-04  -7.5403204e-03  -2.2406112e-03  -3.4188653e-04  -3.5637874e-03   1.6549692e-04  -6.0551571e-03   9.3593695e-03
   1.1557674e-03   1.6076662e-03   8.8496115e-04   1.2389372e-02   2.5000378e-03   8.9592702e-03  -6.6828315e-03  -9.7602007e-03  -1.4434596e-03   3.7268692e-03  -9.6791159e-03   1.3740119e-03  -2.9030241e-04   3.4452282e-03   3.6711243e-03  -1.3699074e-03   1.6750655e-03  -5.8148128e-05  -5.1514979e-04   4.1672096e-04   7.3830913e-05  -6.3271282e-03  -1.2251311e-03  -2.1754679e-03  -1.3342390e-03   1.1607658e-04  -3.6417929e-03   4.5494977e-03
   4.1485265e-03   5.9671588e-03   2.8486246e-03   8.0812732e-03   6.8805740e-03   1.2421414e-03  -4.2449971e-03  -2.2535285e-03  -3.7650969e-03  -2.5655767e-03  -1.2216280e-03   5.1038869e-03  -1.4893703e-04   1.1568719e-02  -4.0019631e-03   4.4082567e-03   7.7992289e-03   6.3831837e-04  -1.7176504e-03  -1.8270735e-03   1.1830124e-03   3.3412351e-03   7.7048168e-03  -2.8680199e-04   2.7263033e-03  -5.7528410e-05   1.8268464e-03  -4.9481263e-03
   1.4830615e-02   8.7688830e-03  -4.9311068e-04  -2.4915126e-03   9.9761886e-04   7.0954514e-03  -3.0184804e-03   9.9063175e-03  -6.6991884e-04  -7.6004255e-04   6.1465568e-03   5.3612245e-03   7.8861010e-05   7.9632746e-04  -2.9317736e-03   1.1140287e-03   8.0878489e-04  -7.4830842e-03  -5.7690123e-03   8.2679810e-03   1.4803825e-02  -4.0901093e-03  -7.6093509e-03  -1.8799700e-03  -9.4379939e-03  -1.2974402e-03  -1.7086154e-03   7.4488735e-03
   1.5293069e-02   8.7806989e-03  -1.4523900e-03  -2.9432768e-03  -1.0877121e-03   7.4889104e-03  -2.6439351e-03   9.4747956e-03   1.1336310e-03  -1.6038433e-04   6.3703993e-03   4.6535330e-03   1.2704409e-04  -2.1596556e-03  -3.6418844e-03   1.1873351e-03  -8.3148055e-04  -8.0317252e-03  -5.7866349e-03   9.2055174e-03   1.5731451e-02  -4.9522826e-03  -8.8878481e-03   1.2556201e-03  -1.1773046e-02  -1.4148586e-03  -3.0731169e-03   1.1517850e-02
   1.3935223e-02   8.2829198e-03  -2.6289646e-03  -2.0045992e-03  -3.5421267e-03   6.8619541e-03  -2.9788493e-03   8.9822017e-03   3.0323617e-03  -1.5918591e-03   5.3411344e-03   4.3667688e-03   9.0643953e-05  -5.4088610e-03  -2.9642494e-03   1.0498853e-03  -2.6853188e-03  -6.2016578e-03  -4.0258242e-03   7.0523674e-03   1.1329232e-02  -4.5193926e-03  -6.0849445e-03   4.1984774e-03  -5.9735473e-03  -4.7418168e-04  -1.9433981e-03   1.1712950e-02
   2.7972039e-07  -1.0273670e-06   1.4991948e-07   1.0968861e-07  -9.1010457e-07   2.3172823e-06  -1.7020844e-06   1.7593247e-06   3.8145976e-07  -5.9564686e-06   3.6703836e-06   2.0218463e-06   3.3354749e-06   3.9031423e-07  -4.2643698e-06   5.7076743e-06  -4.0699459e-06   2.7316927e-06   6.2572515e-06  -5.3095789e-06  -1.0655387e-05  -2.3754451e-06  -1.4464097e-05   1.7695275e-06   1.8847381e-06  -3.3039324e-06  -3.2355405e-06  -5.5954558e-06
   7.9764810e-07  -1.7237680e-06   4.5901828e-07  -1.6937696e-06  -5.0164703e-07   5.9832935e-06  -6.1569722e-06   5.7535907e-06  -4.8577080e-07  -1.2399302e-05   8.7513531e-07   1.3964660e-05   1.6665589e-06   3.7459228e-06  -9.0902424e-06   1.3744015e-05  -2.4118877e-05   1.1919740e-05   1.8961658e-05  -2.0407551e-05  -2.4799534e-05   5.6665964e-06  -4.8189598e-05   8.2217839e-06   4.0326570e-06   4.5303683e-07  -2.1717453e-05  -6.7935759e-06
   1.5784587e-05  -4.4934253e-05  -1.6529222e-05   1.3582200e-04  -1.9405525e-04  -2.5854875e-04   1.9582236e-04  -8.7287622e-05   1.4735002e-04  -1.2628097e-04   4.4879879e-04  -9.1747758e-04   7.2093848e-05  -5.3329390e-04   7.1109762e-04  -1.2105518e-03   2.6408452e-03  -2.5932811e-04  -1.0490935e-03   9.6591260e-04   6.4390884e-04  -2.2803359e-03   1.3818682e-03  -1.5464603e-04   1.8468647e-04  -3.5064401e-04   1.8728733e-03  -3.2077731e-04
   1.1884891e-03  -4.0180630e-04   9.7491426e-04  -6.2008114e-04  -1.9476490e-03  -2.8405685e-03   2.4980356e-03  -5.0982964e-03  -1.1557869e-03   1.7813513e-03   7.9622371e-04   2.0136768e-03  -3.8463536e-05  -6.0900195e-04   1.4306463e-03  -1.5129819e-03   2.6481917e-03  -1.0915702e-03  -1.6256706e-03   4.1342977e-03   9.6188141e-04  -2.8698655e-03  -4.6023257e-03   4.4378533e-04  -1.1308726e-03  -5.2324035e-04   1.6258040e-03  -1.0132175e-03
   3.5934024e-03  -7.2041618e-04   2.0771474e-03  -1.5658962e-03  -2.8352006e-03  -5.4555414e-03   4.9314813e-03  -9.7599740e-03  -8.5086950e-04   3.0910696e-03   2.4242311e-03   3.3934247e-03  -4.4134699e-05   9.5427964e-04  -1.3249956e-03   9.4680392e-05   3.4904314e-03  -5.3455151e-04  -1.3341559e-03   6.4165718e-03   4.8098854e-04  -3.0563132e-03  -9.8689154e-03   3.2594248e-03  -5.2598905e-03  -1.0147201e-03   7.9848228e-04  -1.2517211e-03
   5.7096275e-03  -1.1174797e-03   2.6728389e-03  -2.3091629e-03  -4.5458681e-03  -8.6705784e-03   7.1830370e-03  -1.4650111e-02  -7.2947967e-04   3.7144714e-03   2.7819834e-03   4.7293028e-03  -8.0952536e-05   2.6676653e-04  -3.0445773e-03   1.4053539e-03   3.1913291e-03  -1.1934478e-04  -9.5573010e-04   9.2964976e-03  -7.4674397e-04  -3.5135814e-03  -1.1661026e-02   8.0399654e-03  -6.8892392e-03  -6.1067313e-04  -1.8250425e-03  -1.6055201e-03
   7.2513337e-03  -5.2243456e-04   2.1799998e-03  -3.7863768e-03  -4.6428579e-03  -8.4769165e-03   7.6701475e-03  -1.5587389e-02  -1.0449273e-03   6.5483369e-03   3.7093229e-05   3.3660591e-03  -1.3408287e-04   4.7483061e-04  -1.5067778e-03   1.1174761e-03   1.6622051e-03  -2.3799282e-04  -7.1874103e-04   6.6269272e-03  -2.4355380e-04   8.2509560e-04  -6.5834952e-03   1.1058263e-02  -6.2488127e-03  -3.5906800e-04  -2.0953367e-03   1.5552768e-03
   9.3304027e-03   1.5871147e-03   1.0904049e-03  -7.4699233e-03  -3.3224107e-03  -3.3332116e-03   7.0619843e-03  -1.3414832e-02  -1.4422685e-03   1.2143010e-02  -3.0382069e-03   1.8736324e-03  -2.4281410e-04   6.0304640e-04   2.2438289e-03  -5.2852947e-04   5.9236004e-04   1.1409664e-03   4.4613967e-04   2.9658432e-03  -3.0309970e-03   1.1446051e-02   1.1622469e-02   1.0287106e-02  -4.7195335e-03  -1.1902277e-03   4.3489857e-03   2.0932357e-03
   1.0103454e-02   2.8190589e-03  -6.2796647e-04  -9.2222344e-03  -2.5560559e-04  -1.7825938e-03   7.7827742e-03  -1.4666351e-02   3.6095352e-04   1.4759977e-02  -2.4002329e-03   1.2324698e-03  -1.2661480e-04   5.8400184e-04  -6.7094720e-04   1.2190257e-03   2.9715538e-04  -1.0500802e-03  -9.9891665e-04   1.6668919e-03   1.4535855e-03   1.3455191e-02   1.5811977e-02  -9.6830810e-04  -1.8756504e-03  -1.8856063e-03   9.3519562e-03  -8.3635007e-04
   9.6338143e-03   1.3931391e-03  -1.8896354e-03  -8.3012442e-03   2.7787603e-03  -3.2292340e-03   7.1474158e-03  -1.3212709e-02   1.5149236e-03   1.2894843e-02  -3.3921928e-03   7.1344256e-04  -1.8233807e-04   1.6193587e-04   1.8761095e-03  -4.3716450e-04  -8.7108433e-04  -1.1269934e-04   2.5070969e-04   1.0463867e-03  -5.7982523e-04   9.3093921e-03   1.2940777e-02  -1.1191208e-02  -5.2301560e-03  -2.3454862e-03   6.4790205e-03  -3.0115672e-03
   7.3623693e-03  -1.4514408e-03  -2.2585037e-03  -4.2686495e-03   3.7080831e-03  -8.5922870e-03   7.6522321e-03  -1.4844612e-02  -1.5453788e-03   6.8866374e-03   5.0429790e-04   2.6945610e-03  -6.9320362e-05  -4.6172933e-04  -2.8133122e-03   1.6459624e-03  -1.8522065e-03  -1.1323233e-03  -2.2445233e-05   5.9154175e-03   8.6362262e-04  -2.2238075e-03  -6.2681630e-03  -6.8465642e-03  -6.4860785e-03  -8.9562492e-04  -2.5235676e-03  -3.8096953e-03
   5.1520505e-03  -1.7078269e-03  -2.3793390e-03  -2.8235993e-03   3.3472630e-03  -7.4471952e-03   6.6825228e-03  -1.3105349e-02  -2.2839389e-03   4.0554724e-03   3.1605723e-03   4.0931346e-03  -1.7738477e-05  -1.7699529e-03  -3.8054799e-03   1.6535062e-03  -3.7743024e-03  -1.6570575e-03   1.1608214e-04   7.3865431e-03   9.6174567e-04  -4.5539699e-03  -1.0169896e-02  -8.9559094e-04  -5.2276967e-03  -5.2821010e-04  -1.8701320e-03  -4.5730800e-03
   3.0161951e-03  -1.0244502e-03  -1.5237711e-03  -2.2886944e-03   2.4231357e-03  -4.3740123e-03   4.6694402e-03  -9.5516272e-03  -2.8192626e-04   2.8982799e-03   2.7245801e-03   4.0651517e-03  -4.9320517e-05  -1.0700719e-03  -1.8808164e-03   5.6606337e-04  -3.6289843e-03  -1.8103376e-03  -1.4014048e-04   6.6701165e-03   1.0465086e-03  -3.1705317e-03  -8.0986028e-03   2.2161470e-03  -3.0167446e-03  -2.5028773e-04  -5.1606094e-04  -4.8285664e-03
   1.3307030e-03  -2.1922576e-04  -5.9447548e-04  -1.7691048e-03   1.8145628e-03  -2.1070960e-03   2.8438273e-03  -6.1556776e-03   1.1246572e-03   2.0685445e-03   1.6744208e-03   3.8032731e-03  -8.5486897e-05   1.9462834e-05   6.3719006e-04  -7.4688282e-04  -3.6953818e-03  -2.2726158e-03  -5.2670117e-04   5.1361954e-03   1.6892689e-03  -1.6563526e-03  -3.7030025e-03   2.2848631e-03  -1.6661693e-03  -2.1336021e-04   1.0377284e-03  -4.1026039e-03
  -6.2160980e-05   2.7544833e-05  -1.8069435e-05  -2.9487691e-04   1.9592287e-04   1.8944536e-04   2.6131376e-04  -6.7851189e-04   2.3581657e-04   4.8615887e-05   6.1115568e-04   8.9669773e-04  -1.4912552e-05   1.0915853e-04   2.0164827e-04  -2.4589982e-04  -1.0846459e-03  -4.8652877e-04  -2.6733941e-05   9.1206189e-04   2.8026276e-04  -3.3007602e-04   4.8022600e-04   5.7359002e-04  -1.8772918e-04  -7.8980168e-05   8.3077723e-04  -1.0845029e-03
  -7.8801650e-07   2.1393594e-06  -1.1014541e-06  -9.0587307e-06  -4.4570741e-06   1.1140809e-06  -1.6879883e-05   5.1000479e-06   4.4276212e-06   1.1289888e-06  -3.5309916e-05   4.6089219e-05  -6.3307225e-06  -2.8006583e-05   2.7036068e-05   7.1323778e-06   1.0185704e-04   3.0839380e-05  -1.3403831e-05  -4.9067556e-05  -1.4923611e-05   5.5515482e-05  -8.0094716e-05  -3.5257173e-05  -2.3566229e-05  -2.0169086e-07  -5.1516018e-05   1.6819945e-05
  -2.7718386e-07  -1.2407949e-07  -1.4317517e-07  -1.3191403e-06  -5.7486560e-07   1.0690150e-06  -3.3418479e-06   2.5019903e-07   4.7548934e-07  -1.2443247e-06  -5.9901148e-06   9.3040755e-06  -3.7483895e-06  -7.4202900e-06   1.8595412e-06   6.3177410e-06   3.2622965e-05   1.1069875e-05  -4.8996554e-06  -1.1200318e-05  -8.3775737e-06   1.7842820e-05  -2.2370541e-05  -1.0912879e-05  -4.4843721e-06   2.9632443e-06  -1.5531214e-05   5.1373118e-06
   1.3020737e-05  -7.3633495e-06  -7.1449308e-06   1.8592736e-04   2.9470628e-06   7.3892634e-04   2.2081004e-03   7.6609028e-04   6.0633273e-05  -7.1719721e-04  -1.9069737e-03   8.0426947e-04  -8.0403324e-03  -7.3669939e-06  -3.5459630e-03  -4.6680503e-03   1.3102017e-04   5.5656118e-03  -1.0125092e-03   1.3415095e-03   3.6721202e-03   8.8114611e-05   2.8339348e-04  -8.9227546e-04   1.8691925e-03   6.6024036e-03   2.8410584e-03   1.7419903e-03
   1.4051735e-05  -1.6769128e-05   8.0073113e-07   3.3495393e-04   5.8266382e-05   8.2118053e-04   2.8504939e-03   7.3184603e-04  -3.7041407e-05  -1.3247079e-03  -2.5821321e-03   1.4359758e-03  -1.2357525e-02   2.5030964e-04  -5.8672093e-03  -8.5811896e-03  -9.8885661e-04   8.8045066e-03  -7.5591669e-04   1.3442072e-03   4.7907188e-03   1.1838124e-03  -8.7777080e-05  -7.6281613e-04   2.0762598e-03   2.1947837e-03   8.3732499e-04   1.3727482e-03
   1.7460542e-05  -2.1931134e-05   2.1160877e-06   4.9670045e-04   7.3981061e-05   8.9323753e-04   3.2839501e-03   7.1898929e-04  -6.2157791e-05  -1.4697428e-03  -2.2667266e-03   1.1872042e-03  -1.0914270e-02   2.2408860e-04  -4.8328233e-03  -7.4189813e-03  -9.2673159e-04   7.9743649e-03  -7.8962777e-04   1.1346122e-03   3.9583526e-03   9.7939099e-04  -7.1467462e-05  -5.2293163e-04   1.5139646e-03  -8.2731951e-05  -5.4645723e-05   6.0020462e-04
   2.2703637e-05  -2.9192729e-05   2.7962213e-06   5.6858917e-04   7.9012287e-05   9.7317155e-04   3.3354506e-03   7.5123314e-04  -4.4711927e-05  -1.2122873e-03  -1.4503557e-03   5.3747233e-04  -5.6679913e-03   1.1783535e-04  -1.8036955e-03  -2.4360426e-03  -5.3135438e-04   4.4444396e-03  -8.1274986e-04   6.5845671e-04   1.7739414e-03   2.0375614e-04  -2.0088400e-04  -2.5275230e-04   5.7624544e-04   1.1362931e-03   9.1706614e-05   7.3692063e-05
   2.6015013e-05  -4.5390509e-05   5.7575242e-06   3.0761198e-04   4.3355571e-05   6.6915191e-04   1.9617891e-03   5.3904572e-04  -1.9955927e-05  -7.7676717e-04  -7.5462984e-04   2.4028258e-04  -2.1476148e-03   5.7740532e-05  -5.0139238e-04   2.4930760e-04  -1.7754071e-04   2.0988779e-03  -5.6731138e-04   4.0018289e-04   4.8348911e-04  -4.8714140e-04  -3.9573981e-04  -9.4462556e-05   8.6428670e-05   2.8514065e-03   9.5815310e-04   3.8216601e-05
   2.6029477e-05  -5.6892836e-05   9.6378056e-06   1.1803945e-04   1.4434808e-05   3.9383423e-04   1.0849993e-03   3.3868292e-04  -2.0646084e-05  -7.4246226e-04  -7.8854022e-04   4.9323578e-04   1.1398657e-03   2.4852378e-05  -5.2354144e-04   4.7058787e-04   3.9721779e-04   2.8203970e-04   1.2111270e-03   3.0947024e-04  -5.4389912e-05  -1.0107610e-03  -4.6250080e-04   2.2358404e-04   7.5785734e-05  -1.7426974e-03   4.9774101e-04  -4.3317810e-04
   2.3882235e-05  -3.3432004e-05   3.5535460e-06   5.2918288e-04   6.9213216e-05   1.0325243e-03   3.4382318e-03   8.4753321e-04  -1.7558745e-05  -1.1866308e-03  -1.7237085e-03   8.0057499e-04   3.1488421e-03   9.2653035e-06  -5.2436826e-04   5.4982074e-05   6.9750281e-04   2.7851458e-04   3.0593212e-03   5.6628718e-04   9.2497989e-04  -5.2355621e-04  -2.6308881e-04   1.2250955e-04   6.6567696e-04  -2.4437932e-03  -8.0809749e-05  -2.0554464e-04
   1.9832148e-05  -2.4225817e-05   2.6676787e-06   5.9399229e-04   7.5603117e-05   1.0386906e-03   3.7681548e-03   8.4206264e-04  -3.9175337e-05  -1.4411938e-03  -2.3633377e-03   1.4746298e-03   6.8064011e-03   4.1238854e-05  -2.4426639e-03  -3.8880118e-03   1.1698346e-03   8.6466806e-04   6.5396664e-03   8.2647959e-04   2.6492574e-03   4.2631264e-04  -1.3197414e-04  -8.9322299e-05   6.0524003e-04   9.1839893e-04  -9.1876851e-05   3.0166161e-05
   1.5828114e-05  -2.0143790e-05   2.6843008e-06   4.8773476e-04   6.1287112e-05   9.1888094e-04   3.4924998e-03   7.8865436e-04  -4.1838969e-05  -1.5680450e-03  -3.1211159e-03   2.3277632e-03   1.0820030e-02   8.4678960e-05  -4.9034565e-03  -8.2001149e-03   1.7122624e-03   1.5947706e-03   1.0369588e-02   1.2221426e-03   4.7227320e-03   1.2579726e-03  -7.7659943e-05  -2.9855647e-04   1.2088066e-03   2.4848960e-03   1.0244717e-04   6.0630925e-04
   1.3386260e-05  -1.6550144e-05   2.4016455e-06   3.4954936e-04   5.0926242e-05   8.3362250e-04   3.0444845e-03   7.7838280e-04  -2.1081408e-05  -1.3624519e-03  -3.1016496e-03   2.2672005e-03   1.0036854e-02   1.0308648e-04  -4.6616867e-03  -7.2599560e-03   1.5151797e-03   1.4491503e-03   9.6319649e-03   1.3085164e-03   4.6097378e-03   8.5783235e-04  -2.9989830e-05  -2.0184892e-04   1.9279416e-03  -3.5142718e-04   2.9184831e-04   8.9812261e-04
   5.6046408e-05  -7.1956285e-05   1.3207465e-05   8.1940045e-04   9.3519120e-05   1.2388008e-03   3.1253582e-03   8.9490960e-04   3.7810981e-05  -5.1036443e-04   6.9219693e-04  -7.0878347e-04  -4.3248235e-04  -1.7602201e-05   4.7729259e-04   7.6185185e-04   2.1157668e-05   5.7112143e-04   7.0009265e-05  -4.8585668e-04  -2.8730891e-04   9.6322842e-04  -9.5240051e-04  -3.7464028e-04   9.8395631e-04   1.0489106e-03  -1.1837473e-03   2.4664458e-04
   6.8327884e-05  -4.8153443e-05   2.7673651e-05   2.4691693e-04  -6.8631780e-06   1.2605674e-04   1.6568087e-04   9.3619766e-05   5.2428049e-05  -5.2745660e-04   1.0400708e-04   4.3531658e-04  -2.1387520e-05   1.2765812e-06   2.9182180e-05   4.3467204e-04   1.0468388e-04   4.9933072e-04   3.2119212e-04  -6.6410737e-04  -9.5438358e-04  -1.3929001e-03  -7.2139723e-04   4.1537246e-04  -1.1302807e-03  -4.3357409e-04   1.4324613e-03  -4.9556850e-05
   1.0350674e-04  -9.7912449e-06   2.8748772e-05   6.9372467e-05  -3.5893726e-05  -4.5634216e-04  -8.3011120e-04  -4.5071761e-06   8.2248871e-05  -6.1718737e-04  -6.9536067e-05   1.4132150e-03  -5.9593689e-05  -4.9993288e-06  -3.3639312e-05   7.5905674e-05   1.2899924e-04   7.5352920e-04   5.1914208e-04  -1.5028476e-03  -8.0119385e-04  -1.9488360e-03   5.1814757e-04   6.4637658e-04  -2.5853525e-03  -7.7900973e-04   2.4401622e-03   4.5345984e-04
   1.1369600e-04   7.1282153e-05   2.6414606e-05  -2.1110554e-04  -6.5327062e-05  -7.3093000e-04  -7.4037863e-04   2.4107654e-04   1.8502902e-04  -5.2902504e-04   3.5906920e-04   2.2264600e-03  -8.8655336e-05   2.6186427e-05  -2.4258723e-05   1.1886036e-04   2.2449330e-04   1.1389670e-03   7.5664974e-04  -3.2684888e-03  -7.5075056e-04  -2.5858822e-03   2.7980807e-03   6.6333155e-04  -3.5970657e-03  -7.9111879e-04   1.4173972e-03   1.2988793e-03
   8.1907728e-04  -2.5312570e-03   3.2152893e-03   1.9846744e-04   3.6012790e-04  -2.6759170e-03  -2.1671921e-03   2.3791557e-03   4.1213761e-03  -5.2878355e-03   1.8616522e-03   2.4363480e-03  -3.9871892e-05   3.5517110e-03  -3.4778751e-03   2.1798027e-03  -1.0799511e-04   3.2353336e-03   2.7507370e-03  -4.0936226e-04  -5.4280512e-03  -6.0010948e-04  -3.1655449e-03   3.1597429e-03  -8.3215643e-03  -2.3580472e-03   7.1284376e-03   2.5997802e-03
   6.4078506e-04  -1.7921715e-03   2.2196550e-03   4.2374616e-04   8.3718720e-04   7.4036595e-04  -5.8224767e-04   1.6197662e-03   2.9005036e-03  -2.4257349e-03   3.0720760e-03   1.2154024e-03   2.0592068e-05   1.5672308e-03  -2.2428088e-03   1.0689929e-03   1.0736151e-04   2.5837580e-03   2.0584409e-03  -1.6203914e-03  -3.7785241e-03  -2.8261127e-05  -1.0295397e-03   2.5706719e-03  -6.3885436e-03  -1.8777415e-03   6.0029583e-03   9.1290588e-04
   6.2030692e-04  -1.6145086e-03   2.3349229e-04   7.1349957e-04   7.4649276e-05   5.0336804e-03  -7.3135259e-04   1.2659684e-04   2.7606404e-04  -1.1525336e-03   4.0761793e-03  -2.8757505e-04   1.2088253e-04   9.6757777e-05  -3.8977936e-03   1.3700588e-03   7.9014513e-04   2.9051587e-03   2.0657868e-03  -2.4553681e-03  -3.2253568e-03  -1.7477905e-03   5.5551882e-04   2.1100742e-03  -6.0003991e-03  -1.9831002e-03   7.1297710e-03  -2.2451525e-03
   7.5925291e-04  -2.8199637e-03  -1.3544889e-03  -3.4309163e-04  -9.0015655e-04   1.3941065e-03  -8.8838906e-04   1.8777219e-03  -2.4447142e-03  -2.9932161e-03   2.8144242e-03   3.3650129e-04   7.2517250e-05  -1.2195423e-03  -2.8338728e-03   1.3059241e-03   1.0049014e-03   2.4741674e-03   1.5985001e-03  -1.4275077e-03  -3.2031692e-03  -6.6098440e-04   5.5730701e-04   4.7582023e-04  -5.6358860e-03  -1.7167640e-03   4.7256811e-03  -1.0425485e-04
   7.0254529e-04  -2.9914568e-03  -2.1721821e-03   5.4652855e-04  -4.8862784e-04  -2.2572387e-03  -2.2884098e-03   2.8238847e-03  -4.8433072e-03  -4.7361464e-03   2.4525618e-03   2.6728958e-03   7.7894850e-06  -2.7578630e-03  -4.5581842e-03   2.5055949e-03   1.5985417e-03   3.4800202e-03   2.1950558e-03  -7.0868575e-04  -5.0642291e-03  -1.7857084e-03  -1.5770686e-03  -1.6348917e-05  -7.2060613e-03  -2.3320464e-03   5.9579226e-03   2.8675717e-05
   3.9619180e-05  -4.4886495e-05  -1.8082386e-05   4.1624544e-04  -1.1623991e-04   4.9600233e-04   1.5125609e-03   4.8409459e-04   1.6277435e-04  -2.8075130e-04   9.3412055e-04  -1.2601545e-03  -1.5494156e-03  -6.9289109e-04  -2.6085874e-04  -2.2860170e-03   3.4544396e-03  -1.2017262e-03  -8.8929941e-04   9.3374992e-04   6.7220979e-04  -1.7054205e-03   1.7543900e-03  -7.4912329e-04   1.4695690e-03  -2.1302960e-04   2.3131173e-03  -5.5582860e-04
   3.1924005e-05  -7.5791881e-05   1.8366795e-05   5.9673321e-04   5.9838328e-05   9.2837967e-06   1.1975051e-03  -3.6674372e-04  -2.2006120e-04  -1.4105117e-03   8.6902191e-04  -3.6668692e-04  -3.2638462e-04   9.6087589e-05   9.4329959e-04  -1.0875180e-03  -7.5925927e-04   5.1391280e-03  -1.3600184e-03   5.2581266e-04   5.1928440e-04  -6.9123666e-04   4.7484119e-04   2.2607764e-04  -2.4767173e-04  -4.5621835e-03  -3.9106914e-04  -1.6085250e-03
   3.2373886e-05  -8.4047146e-05   2.2605508e-05   6.2648071e-04   6.7248909e-05  -1.0483958e-05   1.4123832e-03  -4.0280864e-04  -2.5546061e-04  -1.7647946e-03   3.7685490e-04   1.1731966e-05  -1.9538857e-03   1.7620424e-04  -9.0936309e-06  -1.8821587e-03  -7.9755364e-04   2.5747747e-03  -4.1009662e-04  -1.9352447e-04  -1.3482634e-03  -7.5723300e-04  -4.1540339e-04   9.0453963e-04  -2.2291476e-03  -2.7121332e-03  -2.4694823e-03  -2.6860443e-03
   3.7261155e-05  -8.1255232e-05   1.4704414e-05   2.1395932e-04   2.3946561e-05   2.4842503e-04   6.1297144e-04   9.7106665e-05  -6.9415064e-05  -7.4627499e-04   2.3446989e-04  -1.7475494e-05  -1.3064943e-03   7.8225605e-05  -1.0253080e-03  -1.0531845e-03   8.9795546e-05  -6.1376321e-04   6.2955110e-04  -3.6740709e-04  -1.2988836e-03  -3.2574390e-04  -6.7007804e-04   3.7387552e-04  -4.4440443e-04  -2.4387297e-03  -1.2342604e-03  -1.2694814e-03
   4.0006887e-05  -8.8620943e-05   1.6263783e-05   3.2274437e-04   2.4876171e-05   1.5739529e-04   6.5195026e-04  -5.5925305e-05  -1.0671614e-04  -9.0911947e-04   6.7171251e-04  -2.8420092e-04  -6.2530533e-04   4.3854807e-05  -2.7477681e-04  -8.1817271e-04   5.3629344e-05   6.9589449e-04   6.0703534e-05  -1.1215603e-04  -9.5651067e-04  -5.3106466e-04  -3.8871317e-04   2.9713092e-04  -3.7749822e-04  -2.0107562e-03  -1.1341068e-03  -1.5232370e-03
   4.1590109e-05  -7.1622437e-05  -2.6272315e-07   4.0924333e-04  -5.0375395e-05   2.8244472e-04   1.0722205e-03   1.5234710e-04   2.0765639e-05  -6.5884911e-04   1.0007388e-03  -9.1549980e-04  -9.6368844e-04  -3.7651576e-04  -1.5540800e-04  -1.7999437e-03   2.0845450e-03  -7.5753096e-04  -4.3855481e-04   4.2166567e-04  -3.6616462e-04  -1.3657413e-03   1.0832034e-03  -2.8757173e-04   6.1569130e-04  -1.6931771e-03   8.6342579e-04  -1.3869591e-03
   3.4869184e-05  -7.3130589e-05   1.2329901e-05   1.8041136e-04   1.5905398e-05   2.7220755e-04   6.2955573e-04   1.5166431e-04  -4.9412003e-05  -6.7401186e-04   4.5196025e-05   1.1104822e-04   9.3974293e-04   3.3532153e-05  -7.9614651e-04  -7.0512861e-04   1.1015679e-04   2.7496947e-04  -3.4811619e-04  -2.2326899e-04  -1.0108030e-03  -3.9352966e-04  -5.6571112e-04   8.8281327e-05  -6.6090001e-04   2.3682230e-03   5.2471376e-05  -9.2743701e-04
   2.8784674e-05  -7.9942725e-05   2.0264972e-05   4.7045273e-04   3.8541008e-05  -8.5569944e-05   1.0373190e-03  -3.8848127e-04  -2.1571413e-04  -1.6226606e-03   9.8868750e-07   3.4506970e-04   1.4536427e-03  -8.4175296e-06   7.3373490e-06  -1.5028244e-03   6.2879185e-04   1.8761732e-04   1.1352639e-03  -3.8119906e-04  -1.8718814e-03  -9.2075297e-04  -4.9657440e-04   2.5753069e-04  -4.2251291e-03   3.7124464e-03  -9.3529791e-04  -2.4587422e-03
   2.8373596e-05  -6.3900412e-05   1.6632199e-05   5.9093826e-04   5.7944724e-05   1.0733166e-04   1.4653273e-03  -2.3969772e-04  -1.9047740e-04  -1.4026459e-03   4.8772256e-04  -1.6277094e-04   7.8714846e-04  -1.9560005e-05   1.0175225e-03  -6.7273069e-04   7.5755188e-04   1.3953029e-04   5.4019163e-03   5.3411252e-04   7.0012711e-04  -6.5114420e-04   2.9022217e-04   5.6922617e-04   5.4583476e-04   3.7364655e-04   2.7960910e-04  -1.1364427e-03
   3.5485537e-05  -3.5114586e-05   1.4601292e-05   3.3413054e-04   1.3850686e-04   6.2208883e-04   1.5504325e-03   6.2251336e-04  -6.5876706e-05  -1.9582879e-04   3.4543531e-04  -5.2044012e-04   1.9043062e-03   5.8057342e-04  -1.2448463e-03  -1.6154441e-03  -2.5397391e-03  -5.9262115e-04  -1.0387803e-03   3.6265064e-04   1.2223401e-04  -8.1014466e-04   1.1195808e-03   8.1674798e-04   3.6133704e-03  -1.9184878e-03   1.1228179e-03   2.4917844e-05
   3.7149765e-05  -5.7149999e-05   2.0847641e-05   3.7159137e-04   1.2473017e-04   2.5856808e-04   1.0287802e-03   1.6973398e-04  -1.5505904e-04  -6.1313018e-04   7.8825037e-04  -6.2539349e-04   9.2489887e-04   5.2415576e-04  -4.2022011e-04  -1.3254305e-03  -2.2590607e-03  -6.2483835e-04  -3.7997639e-04   3.0624715e-04  -5.3098106e-04  -1.3801466e-03   1.2941678e-03   1.0822673e-03   1.2528942e-03   9.3619045e-04   9.6209365e-04  -1.3070721e-03
   3.6144608e-05  -7.3368336e-05   1.4772524e-05   2.1273625e-04   3.6142029e-05   2.3413916e-04   6.2224042e-04   1.1666655e-04  -7.7759518e-05  -6.8270019e-04   2.6784544e-04  -6.6368896e-05   7.5017615e-04   1.2065579e-04  -5.8792263e-04  -6.5654278e-04  -3.0590282e-04   1.0877649e-04  -2.0846110e-04  -1.0363112e-04  -9.2106987e-04  -6.3610840e-04  -2.5094336e-04   2.8437767e-04  -4.0896315e-04   1.9350107e-03   1.4983613e-04  -1.0343613e-03
   6.4239866e-03  -1.0239037e-02   9.4020058e-03   1.9944514e-03   8.5845902e-03   1.5247871e-03  -1.0391845e-03   1.8849850e-03  -1.4821759e-03   1.2929901e-03  -4.7487660e-04  -4.9095941e-03   2.6327798e-04  -8.3601274e-03  -5.7283639e-03   2.6879877e-03   2.4718000e-03   1.6522217e-03   1.4661114e-04  -1.2924287e-03   3.0030284e-04  -5.8639660e-03   6.6093793e-03   8.3813963e-03   8.1145210e-04   1.5033789e-03  -6.0776776e-03   7.2221795e-03
   2.8188695e-03  -8.3873837e-03   6.4803019e-03   7.6571201e-04   4.9708693e-03   1.8648583e-03  -2.6423978e-03   1.7052194e-03   8.7386300e-04  -4.1045004e-03  -4.3622501e-03  -8.3028363e-03   2.6992817e-04  -2.7010075e-03   2.5612154e-04  -5.7449048e-04   4.4241672e-04  -1.2519136e-03  -1.1077893e-03   8.6422248e-03  -1.1549182e-03   5.9704309e-03  -4.1201347e-03   1.2193618e-03   2.5680241e-03  -3.6872125e-04   5.7893629e-03  -2.5974873e-03
   1.6800290e-03  -6.9472685e-03   3.7323231e-03   1.2071594e-04   2.1781968e-03   3.8856598e-03  -2.4629360e-03   8.9224897e-04   2.5788134e-05  -5.3300066e-03  -2.4973934e-03  -7.2488459e-03   2.6074176e-04  -8.4914660e-04   1.5411850e-03  -1.7134728e-03  -1.9528941e-04  -4.4574259e-04  -2.3666002e-04   5.1552750e-03  -2.5287428e-03   4.5985462e-03  -3.2268331e-03   1.6046963e-03   4.3822937e-04  -1.3650106e-03   9.8989465e-03   2.0094143e-04
   1.4118502e-03  -7.9634901e-03   1.2318226e-03   6.9366151e-04   4.0644882e-04   6.5278645e-03  -3.1871026e-03  -1.3706653e-03  -6.2870931e-04  -5.5484096e-03  -4.6595277e-03  -9.4793200e-03   2.8480882e-04   1.3746588e-04   4.4734714e-03  -3.7757814e-03  -1.3886370e-03  -1.4677032e-03  -6.0560682e-04   5.8977851e-03  -1.8868835e-03   5.3763943e-03  -5.5969177e-03   8.4867017e-04  -1.0311775e-03  -2.0218320e-03   1.1960711e-02   3.5092433e-03
   1.5940776e-03  -7.6506320e-03  -1.2844345e-03  -1.0038876e-04  -1.5285291e-03   5.0174111e-03  -2.5473083e-03   2.2787624e-04  -8.7638993e-04  -5.1164956e-03  -2.9110866e-03  -7.8352629e-03   2.7582069e-04   1.3246388e-03   2.0587600e-03  -2.0878444e-03  -1.3493672e-03  -1.1310716e-03  -3.1603426e-04   5.0596498e-03  -1.9381027e-03   4.5933339e-03  -3.7100926e-03  -4.3654406e-04   8.4735152e-04  -1.5362404e-03   1.0703400e-02   1.7655967e-03
   2.5855985e-03  -9.5045133e-03  -3.3681870e-03   5.5566438e-04  -4.0236175e-03   3.0034773e-03  -2.4802090e-03   9.7317629e-04  -1.8335368e-03  -4.3526633e-03  -4.4254389e-03  -8.1766864e-03   2.4549694e-04   2.6630195e-03   1.3956191e-03  -1.0900648e-03  -1.8842515e-03  -2.1747043e-03  -8.9832665e-04   8.3487697e-03  -3.8357325e-04   6.1358691e-03  -5.0928055e-03  -1.6961329e-03   9.4992781e-04  -7.7653098e-04   5.6174869e-03   2.1744648e-04
   6.1968718e-03  -1.2031181e-02  -5.8081394e-03   2.3831856e-03  -7.4608327e-03   2.5364788e-03  -4.4225403e-04   1.6170471e-04   2.0381426e-03   4.6854887e-04   9.0489275e-04  -3.7684538e-03   2.2871916e-04   8.9384429e-03  -5.6931833e-03   3.0524109e-03  -5.8182342e-04  -3.1755401e-06   6.3137104e-04  -2.6370514e-04   9.2763436e-04  -5.9819355e-03   3.8451141e-03  -9.3749002e-03   2.4843382e-03   1.1713946e-03  -5.2566441e-03   2.9954242e-03
   8.6151024e-03  -8.6196237e-03  -3.3766903e-03  -2.6434516e-03  -3.8540407e-03   2.5611990e-03   1.6265089e-03  -5.2153586e-03  -7.6675192e-04  -2.0939333e-03   2.7357752e-03   4.8283351e-03  -1.1082137e-04   3.2745243e-03   3.6249787e-03  -1.8898516e-03  -2.5799227e-03  -2.3918510e-03  -8.1640091e-04  -7.2481285e-03   4.5370363e-03  -3.5895211e-03  -9.3369177e-04  -1.0868926e-02   1.1826292e-03  -2.9423720e-04   9.2921196e-04  -1.1063365e-03
   8.3935389e-03  -6.1905882e-03  -1.0489429e-03  -5.0915784e-03  -1.1289831e-03   4.8082275e-03   1.9502668e-03  -7.8744296e-03  -1.4249721e-03  -4.4983535e-03   3.5125925e-03   5.5234694e-03  -7.9131575e-05   4.1336425e-04   4.6888026e-03  -2.3429649e-03  -1.8206621e-03  -3.9867779e-03  -2.5290469e-03  -1.0323030e-02   8.7212705e-03  -1.8821654e-03  -1.5895755e-03  -5.3285848e-03   2.4068036e-03  -3.3687848e-04   3.5489887e-03  -2.0899262e-03
   8.2184175e-03  -5.4756462e-03   1.0395827e-03  -5.5413305e-03   1.1440131e-04   5.4595180e-03   1.9007483e-03  -8.3826466e-03  -9.7454120e-04  -5.4181403e-03   3.9751489e-03   5.8720761e-03  -7.1168577e-05  -6.8993419e-04   4.8009716e-03  -2.4551995e-03  -7.1886881e-04  -3.9325463e-03  -3.0033312e-03  -8.9634508e-03   8.5589623e-03  -1.1317536e-03  -9.7964011e-04   1.8714042e-03   2.4347784e-03   4.1503152e-05   2.3849464e-03   5.5532073e-04
   8.1954342e-03  -6.1497420e-03   3.1829813e-03  -4.4281672e-03   1.5862623e-03   4.0025523e-03   1.7258400e-03  -7.8920707e-03  -4.0286398e-04  -5.4729285e-03   3.4914195e-03   6.5050721e-03  -1.1216155e-04  -1.5692870e-03   5.4702656e-03  -2.6798743e-03   3.3394500e-04  -3.7892799e-03  -3.3946837e-03  -1.0673163e-02   8.8851440e-03  -1.0673702e-03  -2.3745099e-03   7.4618937e-03   5.2629457e-03   7.5378232e-04   1.6467325e-03   9.0354825e-04
   8.4542250e-03  -8.2256554e-03   6.7392979e-03  -1.4455170e-03   5.3502261e-03   1.2450093e-03   8.8333056e-04  -3.3741498e-03  -7.0927677e-04  -2.7046773e-03   2.5735029e-03   4.5558802e-03  -7.8585558e-05  -4.7783503e-03   2.8284039e-03  -1.5594186e-03   1.9589495e-03  -9.9806339e-04  -1.8294896e-03  -6.2214127e-03   3.6058146e-03  -2.0282141e-03   7.4019831e-04   9.1814385e-03   3.9883431e-03   1.3874950e-03  -3.8611477e-03   1.5476607e-03
   6.4497816e-03  -1.0371446e-02   9.3570406e-03   2.9235835e-03   9.9919408e-03   2.0014889e-03  -2.1538874e-03   3.3373982e-03  -1.8571589e-03   1.7131443e-03  -1.4834105e-03  -5.3543064e-03   2.6720707e-04  -1.0427858e-02  -5.4614270e-03   2.5451118e-03   2.3776974e-03   1.0549416e-03  -3.5568525e-04  -4.3103840e-04   1.6815854e-03  -3.0813591e-03   7.0275455e-03   6.6065448e-03  -9.0254094e-04   1.0334935e-03  -5.5881386e-03  -5.0664097e-04
   2.5880628e-03  -8.7429248e-03   3.9643855e-03   1.7974594e-03   3.7345484e-03   3.1872215e-03  -3.4551561e-03  -1.5488470e-03   1.0148982e-03  -8.8357403e-03  -7.0978358e-03  -9.0260933e-03   2.0470506e-04  -1.6784557e-03   6.3751128e-03  -3.4353337e-03  -4.8417005e-04  -2.7348172e-03  -2.1238085e-03   9.0788543e-03  -3.2642721e-04   1.1768256e-02   5.9214434e-04   3.1961560e-03  -6.2208468e-04  -3.1484301e-04   8.3595205e-04   4.1062723e-03
   1.6725579e-03  -8.9834074e-03   1.4835075e-03   1.0423989e-03   6.4345743e-04   5.0970425e-03  -3.5224457e-03  -2.6506697e-03  -9.0197331e-04  -9.2666473e-03  -7.9072372e-03  -1.0331975e-02   2.2633191e-04  -6.0028935e-05   8.8644510e-03  -5.1916197e-03  -1.9782328e-03  -3.3019326e-03  -1.9900743e-03   7.2296062e-03  -9.3886684e-04   1.1166737e-02  -9.8294108e-04  -1.2686993e-03   4.8448663e-04  -1.1004500e-03   4.7005916e-03   1.3902654e-02
   2.1299949e-03  -9.4116498e-03  -7.5678275e-04   1.7454159e-03  -2.2973360e-03   4.4918884e-03  -3.4929506e-03  -2.4870362e-03  -2.5414641e-03  -7.8306871e-03  -8.1146227e-03  -9.5779214e-03   1.8821906e-04   1.2867529e-03   7.7623395e-03  -4.3366010e-03  -2.8685076e-03  -3.7045367e-03  -1.8988270e-03   8.3445435e-03   1.8277281e-04   1.0059753e-02  -1.7740757e-03  -4.3949314e-03  -1.6704846e-03  -1.1621567e-03   2.6151105e-03   1.1221098e-02
   5.3667962e-03  -1.2625422e-02  -5.5433850e-03   4.0961921e-03  -9.3081586e-03   3.0615112e-03  -2.2797112e-03   1.5275051e-03   2.1028882e-03  -2.7962102e-04  -1.3628276e-03  -3.2893678e-03   1.2538239e-04   8.8355311e-03  -3.0134481e-03   1.9693026e-03  -2.0627615e-03  -1.5012012e-03  -9.0559679e-05   3.4274659e-03   3.4642178e-03   7.4447772e-04   2.1007953e-03  -4.8435312e-03  -6.5345271e-03  -1.2226738e-04  -5.4017781e-03  -4.6417003e-03
   7.7759322e-03  -7.9151447e-03  -7.7429890e-04  -2.0950538e-03   3.6790267e-04   1.2284138e-03   2.4851585e-04  -5.2476341e-03  -1.9307211e-03  -1.2266690e-02   2.0126216e-03   4.6450539e-03  -1.4345040e-04  -1.4330266e-04   1.0008268e-02  -4.8878721e-03  -2.4879461e-03  -2.5601254e-03  -1.3290028e-03  -2.2017016e-02   8.1864284e-03  -1.0295991e-03  -1.3898383e-02  -4.7322734e-03   5.1303256e-03  -5.0407910e-04   7.3166136e-03  -7.6142968e-03
   7.5118176e-03  -6.9180182e-03   1.3766284e-03  -2.7761736e-03   2.4198574e-04   2.9525891e-03  -1.4229205e-04  -5.1348033e-03  -1.7534717e-03  -1.3679642e-02   2.6721603e-03   5.0156555e-03  -1.3927129e-04  -2.3781496e-04   1.0551132e-02  -5.1851012e-03  -1.1810294e-03  -2.3527180e-03  -1.7880121e-03  -2.3644035e-02   8.3813562e-03  -1.9405539e-04  -1.3079975e-02   2.6861275e-03   8.8667244e-03   1.7070488e-04   8.4136237e-03  -7.8420578e-03
   8.3223116e-03  -7.2592646e-03   4.2464414e-03  -2.2279312e-03   5.6934833e-04   1.2895909e-03   4.8610591e-04  -5.0468890e-03  -1.3373034e-03  -1.0104383e-02   1.9897311e-03   4.7131925e-03  -1.3915066e-04  -8.9653380e-04   8.7286179e-03  -4.2456786e-03   5.6721192e-04  -1.9650805e-03  -2.1915482e-03  -1.8821832e-02   7.3130048e-03   4.9875509e-05  -9.6874171e-03   9.9282632e-03   8.2979915e-03   9.7218564e-04   3.6416553e-03  -6.5362254e-03
